object={
	name="tree_palm_generator_1_0"
	render_pass=Map
	clamp_to_water_level=no
	generated_content=yes
	layer="tree_high_layer"
	pdxmesh="tree_palm_01_a_mesh"
	count=111
	transform="1854.186646 0.000000 1508.156494 0.000000 0.213767 0.000000 -0.976885 0.764426 0.764426 0.764426
1855.429565 0.000000 1502.223511 0.000000 0.024207 0.000000 -0.999707 0.723785 0.723785 0.723785
1854.174438 0.000000 1505.079468 0.000000 0.986654 0.000000 0.162830 0.685823 0.685823 0.685823
1851.724854 0.000000 1506.823242 0.000000 0.070188 0.000000 0.997534 0.605596 0.605596 0.605596
1856.521973 0.000000 1508.386719 0.000000 0.279998 0.000000 0.960001 0.516470 0.516470 0.516470
1855.864502 0.000000 1506.333252 0.000000 0.985631 0.000000 -0.168915 0.716136 0.716136 0.716136
1855.971069 0.000000 1504.296753 0.000000 0.982386 0.000000 -0.186864 0.716293 0.716293 0.716293
1852.440063 0.000000 1505.276001 0.000000 0.870393 0.000000 -0.492359 0.810837 0.810837 0.810837
1853.485352 0.000000 1506.651855 0.000000 0.693818 0.000000 0.720151 0.521272 0.521272 0.521272
1856.356079 0.000000 1511.294556 0.000000 0.989125 0.000000 0.147078 0.678950 0.678950 0.678950
1852.740479 0.000000 1504.077637 0.000000 0.966453 0.000000 0.256845 0.644074 0.644074 0.644074
1913.586182 0.000000 1524.365723 0.000000 0.950082 0.000000 -0.311999 0.702218 0.702218 0.702218
1858.886719 0.000000 1515.018921 0.000000 0.521839 0.000000 -0.853044 0.725714 0.725714 0.725714
1902.572876 0.000000 1524.466919 0.000000 0.765156 0.000000 -0.643845 0.887769 0.887769 0.887769
1866.601196 0.000000 1482.239014 0.000000 0.886690 0.000000 -0.462364 0.705376 0.705376 0.705376
1917.498657 0.000000 1532.735840 0.000000 0.892765 0.000000 0.450523 0.679745 0.679745 0.679745
1857.624268 0.000000 1506.169434 0.000000 0.865279 0.000000 0.501290 0.683115 0.683115 0.683115
1879.659058 0.000000 1486.315063 0.000000 0.999916 0.000000 -0.012936 0.702405 0.702405 0.702405
1908.119263 0.000000 1526.578003 0.000000 0.605642 0.000000 -0.795737 0.863390 0.863390 0.863390
1862.165039 0.000000 1510.037598 0.000000 0.828306 0.000000 -0.560275 0.729101 0.729101 0.729101
1868.862549 0.000000 1487.496704 0.000000 0.118272 0.000000 -0.992981 0.992369 0.992369 0.992369
1912.590454 0.000000 1529.978516 0.000000 0.373936 0.000000 -0.927454 1.083522 1.083522 1.083522
1857.026123 0.000000 1510.751343 0.000000 0.928001 0.000000 -0.372578 0.754444 0.754444 0.754444
1916.463745 0.000000 1528.490723 0.000000 0.671443 0.000000 -0.741056 0.862197 0.862197 0.862197
1905.472900 0.000000 1529.189941 0.000000 0.534175 0.000000 -0.845374 0.854905 0.854905 0.854905
1919.746948 0.000000 1529.897461 0.000000 0.632306 0.000000 -0.774719 0.745845 0.745845 0.745845
1862.145386 0.000000 1513.609741 0.000000 0.115043 0.000000 0.993360 0.510756 0.510756 0.510756
1869.706787 0.000000 1484.149048 0.000000 0.287246 0.000000 0.957857 0.585520 0.585520 0.585520
1876.393555 0.000000 1486.957397 0.000000 0.285326 0.000000 -0.958431 0.959775 0.959775 0.959775
1909.369141 0.000000 1529.669434 0.000000 0.792325 0.000000 -0.610099 0.893570 0.893570 0.893570
1901.164062 0.000000 1527.340942 0.000000 0.654425 0.000000 -0.756127 0.765927 0.765927 0.765927
1911.364136 0.000000 1527.069702 0.000000 0.968476 0.000000 -0.249106 0.737661 0.737661 0.737661
1866.462402 0.000000 1485.528931 0.000000 0.950583 0.000000 -0.310470 0.732219 0.732219 0.732219
1914.083984 0.000000 1532.960815 0.000000 0.525627 0.000000 -0.850715 0.735558 0.735558 0.735558
1877.421753 0.000000 1484.021362 0.000000 0.997514 0.000000 0.070465 0.691619 0.691619 0.691619
1859.388306 0.000000 1508.703369 0.000000 0.129575 0.000000 -0.991570 0.947773 0.947773 0.947773
1859.569580 0.000000 1512.189209 0.000000 0.203149 0.000000 -0.979148 0.875727 0.875727 0.875727
1904.726196 0.000000 1526.466675 0.000000 0.140668 0.000000 -0.990057 1.131732 1.131732 1.131732
1871.825928 0.000000 1487.492432 0.000000 0.548313 0.000000 -0.836273 0.745696 0.745696 0.745696
1914.085693 0.000000 1527.205688 0.000000 0.863669 0.000000 -0.504059 0.742838 0.742838 0.742838
1915.634277 0.000000 1530.882568 0.000000 0.515104 0.000000 -0.857127 0.890020 0.890020 0.890020
1903.278931 0.000000 1528.364746 0.000000 0.288811 0.000000 -0.957386 0.791110 0.791110 0.791110
1868.031616 0.000000 1489.509521 0.000000 0.965214 0.000000 -0.261463 0.714424 0.714424 0.714424
1874.251587 0.000000 1487.285400 0.000000 0.725942 0.000000 0.687756 0.661830 0.661830 0.661830
1917.714111 0.000000 1530.520996 0.000000 0.411257 0.000000 -0.911519 0.911666 0.911666 0.911666
1907.898926 0.000000 1524.393555 0.000000 0.647923 0.000000 0.761706 0.652785 0.652785 0.652785
1878.368164 0.000000 1487.995483 0.000000 0.035546 0.000000 0.999368 0.414532 0.414532 0.414532
1857.162476 0.000000 1508.225830 0.000000 0.904644 0.000000 0.426168 0.637219 0.637219 0.637219
1876.264771 0.000000 1489.110474 0.000000 0.364086 0.000000 0.931365 0.634672 0.634672 0.634672
1879.629028 0.000000 1484.135986 0.000000 0.915032 0.000000 0.403381 0.655302 0.655302 0.655302
1907.286499 0.000000 1530.225952 0.000000 0.920757 0.000000 0.390137 0.675346 0.675346 0.675346
1900.563599 0.000000 1525.400757 0.000000 0.158023 0.000000 0.987435 0.435454 0.435454 0.435454
1914.408081 0.000000 1529.192505 0.000000 0.839585 0.000000 0.543228 0.540227 0.540227 0.540227
1860.886475 0.000000 1515.042114 0.000000 0.606609 0.000000 0.795000 0.606207 0.606207 0.606207
1906.393188 0.000000 1527.518433 0.000000 0.873655 0.000000 0.486546 0.585625 0.585625 0.585625
1868.415894 0.000000 1485.599365 0.000000 0.560243 0.000000 -0.828328 0.787339 0.787339 0.787339
1860.171387 0.000000 1510.395142 0.000000 0.954179 0.000000 -0.299237 0.757356 0.757356 0.757356
1909.582397 0.000000 1527.808960 0.000000 0.998402 0.000000 -0.056506 0.710038 0.710038 0.710038
1866.969360 0.000000 1487.379272 0.000000 0.448620 0.000000 0.893723 0.452693 0.452693 0.452693
1911.069214 0.000000 1528.935547 0.000000 0.568222 0.000000 0.822875 0.402743 0.402743 0.402743
1902.877197 0.000000 1526.374878 0.000000 0.619130 0.000000 0.785289 0.477768 0.477768 0.477768
1877.886230 0.000000 1485.951904 0.000000 0.905354 0.000000 -0.424657 0.752119 0.752119 0.752119
1907.944702 0.000000 1528.485229 0.000000 0.963682 0.000000 0.267051 0.635372 0.635372 0.635372
1910.884766 0.000000 1530.725952 0.000000 0.967047 0.000000 0.254598 0.675166 0.675166 0.675166
1861.263794 0.000000 1511.843994 0.000000 0.990139 0.000000 0.140090 0.673472 0.673472 0.673472
1909.769165 0.000000 1526.087524 0.000000 0.917236 0.000000 -0.398344 0.772746 0.772746 0.772746
1912.638550 0.000000 1528.145508 0.000000 0.560197 0.000000 -0.828360 1.015258 1.015258 1.015258
1904.285400 0.000000 1524.795532 0.000000 0.770761 0.000000 0.637124 0.635296 0.635296 0.635296
1913.994263 0.000000 1531.264526 0.000000 0.985539 0.000000 -0.169449 0.719996 0.719996 0.719996
1859.891846 0.000000 1513.747925 0.000000 0.469081 0.000000 -0.883155 0.839239 0.839239 0.839239
1858.581299 0.000000 1510.140625 0.000000 0.974307 0.000000 0.225224 0.626316 0.626316 0.626316
1857.993896 0.000000 1511.979004 0.000000 0.787224 0.000000 -0.616667 0.794760 0.794760 0.794760
1858.482788 0.000000 1513.356323 0.000000 0.274353 0.000000 -0.961629 0.866293 0.866293 0.866293
1904.607788 0.000000 1527.972168 0.000000 0.918011 0.000000 0.396554 0.576863 0.576863 0.576863
1916.511841 0.000000 1529.846680 0.000000 0.140094 0.000000 0.990138 0.422060 0.422060 0.422060
1901.818115 0.000000 1525.670410 0.000000 0.622234 0.000000 -0.782831 0.868458 0.868458 0.868458
1857.384155 0.000000 1509.496338 0.000000 0.737932 0.000000 0.674875 0.594360 0.594360 0.594360
1906.761719 0.000000 1529.074707 0.000000 0.727814 0.000000 0.685775 0.519343 0.519343 0.519343
1879.681152 0.000000 1487.599976 0.000000 0.336328 0.000000 0.941745 0.471703 0.471703 0.471703
1900.487671 0.000000 1524.147827 0.000000 0.829324 0.000000 0.558768 0.588926 0.588926 0.588926
1861.041748 0.000000 1513.042480 0.000000 0.975006 0.000000 -0.222179 0.772044 0.772044 0.772044
1915.100708 0.000000 1528.207764 0.000000 0.178669 0.000000 -0.983909 1.087043 1.087043 1.087043
1903.764160 0.000000 1527.148071 0.000000 0.897224 0.000000 0.441576 0.587463 0.587463 0.587463
1902.286011 0.000000 1527.744019 0.000000 0.954039 0.000000 -0.299682 0.774891 0.774891 0.774891
1867.979858 0.000000 1486.711792 0.000000 0.288049 0.000000 -0.957616 0.986012 0.986012 0.986012
1917.079346 0.000000 1531.511230 0.000000 0.786125 0.000000 -0.618067 0.822959 0.822959 0.822959
1878.639771 0.000000 1486.881104 0.000000 0.929709 0.000000 -0.368294 0.770133 0.770133 0.770133
1859.015503 0.000000 1511.203613 0.000000 0.172598 0.000000 0.984992 0.246774 0.246774 0.246774
1981.436401 0.000000 1451.817383 0.000000 0.333133 0.000000 0.942880 0.472794 0.472794 0.472794
1973.649048 0.000000 1454.328247 0.000000 0.575839 0.000000 0.817563 0.464480 0.464480 0.464480
1968.908691 0.000000 1455.842041 0.000000 0.502937 0.000000 0.864323 0.352685 0.352685 0.352685
1976.723022 0.000000 1452.641602 0.000000 0.814440 0.000000 -0.580248 0.899919 0.899919 0.899919
1978.802856 0.000000 1450.675537 0.000000 0.009621 0.000000 -0.999954 0.981559 0.981559 0.981559
1981.047363 0.000000 1449.350830 0.000000 0.617774 0.000000 0.786355 0.433065 0.433065 0.433065
1979.347412 0.000000 1453.311646 0.000000 0.143784 0.000000 0.989609 0.420790 0.420790 0.420790
1972.138550 0.000000 1452.663452 0.000000 0.093343 0.000000 0.995634 0.538900 0.538900 0.538900
1978.531128 0.000000 1448.665161 0.000000 0.898315 0.000000 -0.439351 0.727982 0.727982 0.727982
1970.449707 0.000000 1454.459473 0.000000 0.341031 0.000000 0.940052 0.296550 0.296550 0.296550
1967.121338 0.000000 1455.997559 0.000000 0.008643 0.000000 0.999963 0.477233 0.477233 0.477233
1974.872681 0.000000 1453.016235 0.000000 0.770877 0.000000 0.636984 0.517525 0.517525 0.517525
1977.832031 0.000000 1453.988647 0.000000 0.563967 0.000000 -0.825798 1.013786 1.013786 1.013786
1974.992065 0.000000 1455.512939 0.000000 0.245613 0.000000 0.969368 0.568711 0.568711 0.568711
1972.099609 0.000000 1454.478516 0.000000 0.987630 0.000000 0.156800 0.661258 0.661258 0.661258
1978.264404 0.000000 1452.182251 0.000000 0.094989 0.000000 -0.995478 0.988831 0.988831 0.988831
1979.795410 0.000000 1451.841797 0.000000 0.364203 0.000000 0.931320 0.483936 0.483936 0.483936
1980.189941 0.000000 1450.490845 0.000000 0.424165 0.000000 -0.905585 0.909044 0.909044 0.909044
1969.046753 0.000000 1454.490112 0.000000 0.367638 0.000000 0.929969 0.302599 0.302599 0.302599
1972.791626 0.000000 1455.589600 0.000000 0.995209 0.000000 -0.097772 0.724096 0.724096 0.724096
1981.605347 0.000000 1450.552490 0.000000 0.754404 0.000000 0.656410 0.567857 0.567857 0.567857
1967.439941 0.000000 1454.751709 0.000000 0.302764 0.000000 0.953066 0.519863 0.519863 0.519863
1975.641357 0.000000 1452.061035 0.000000 0.158330 0.000000 -0.987386 1.073046 1.073046 1.073046
"}
