object={
	name="tree_pine_impassable_01_a_generator_1_0"
	render_pass=Map
	clamp_to_water_level=no
	generated_content=yes
	layer="tree_high_layer"
	pdxmesh="tree_pine_impassable_01_a_mesh"
	count=506
	transform="1872.661499 0.000000 1661.927979 0.000000 0.913493 0.000000 -0.406855 0.400000 0.400000 0.400000
1943.924561 0.000000 1631.434448 0.000000 0.513525 0.000000 -0.858075 0.400000 0.400000 0.400000
1958.161987 0.000000 1645.926392 0.000000 0.998749 0.000000 -0.050009 0.400000 0.400000 0.400000
1972.671997 0.000000 1636.839355 0.000000 0.322654 0.000000 0.946517 0.400000 0.400000 0.400000
1947.922485 0.000000 1641.812500 0.000000 0.251915 0.000000 0.967749 0.400000 0.400000 0.400000
1945.979004 0.000000 1622.330933 0.000000 0.944803 0.000000 -0.327640 0.400000 0.400000 0.400000
1951.899902 0.000000 1628.260620 0.000000 0.548061 0.000000 0.836438 0.400000 0.400000 0.400000
1951.670166 0.000000 1635.813232 0.000000 0.099502 0.000000 -0.995037 0.400000 0.400000 0.400000
1951.653198 0.000000 1648.677124 0.000000 0.608323 0.000000 -0.793690 0.400000 0.400000 0.400000
1954.623047 0.000000 1640.875244 0.000000 0.935100 0.000000 0.354385 0.400000 0.400000 0.400000
1942.973511 0.000000 1644.326538 0.000000 0.404442 0.000000 -0.914564 0.400000 0.400000 0.400000
1945.993164 0.000000 1636.470947 0.000000 0.877773 0.000000 0.479077 0.400000 0.400000 0.400000
1943.485352 0.000000 1626.475586 0.000000 0.931931 0.000000 0.362636 0.400000 0.400000 0.400000
1971.293823 0.000000 1641.579346 0.000000 0.632714 0.000000 0.774385 0.400000 0.400000 0.400000
1948.730591 0.000000 1632.120117 0.000000 0.938322 0.000000 0.345761 0.400000 0.400000 0.400000
1947.583862 0.000000 1646.386597 0.000000 0.624338 0.000000 0.781154 0.400000 0.400000 0.400000
1951.656006 0.000000 1644.176880 0.000000 0.999192 0.000000 -0.040183 0.400000 0.400000 0.400000
1947.725952 0.000000 1627.146362 0.000000 0.932624 0.000000 -0.360851 0.400000 0.400000 0.400000
1944.093750 0.000000 1640.248291 0.000000 0.288179 0.000000 0.957577 0.400000 0.400000 0.400000
1968.247681 0.000000 1639.566895 0.000000 0.801455 0.000000 -0.598055 0.400000 0.400000 0.400000
1950.728149 0.000000 1639.381592 0.000000 0.431297 0.000000 0.902210 0.400000 0.400000 0.400000
1943.679199 0.000000 1634.527832 0.000000 0.999681 0.000000 -0.025255 0.400000 0.400000 0.400000
1948.755005 0.000000 1635.122559 0.000000 0.934028 0.000000 0.357199 0.400000 0.400000 0.400000
1946.669556 0.000000 1629.977051 0.000000 0.699615 0.000000 -0.714520 0.400000 0.400000 0.400000
1973.945435 0.000000 1639.633057 0.000000 0.895695 0.000000 0.444669 0.400000 0.400000 0.400000
1947.948242 0.000000 1638.647705 0.000000 0.895250 0.000000 -0.445564 0.400000 0.400000 0.400000
1946.182129 0.000000 1633.301025 0.000000 0.991803 0.000000 0.127777 0.400000 0.400000 0.400000
1873.995483 0.000000 1681.414185 0.000000 0.714837 0.000000 -0.699291 0.400000 0.400000 0.400000
1866.601196 0.000000 1674.239014 0.000000 0.115485 0.000000 -0.993309 0.400000 0.400000 0.400000
1878.505371 0.000000 1664.343384 0.000000 0.842160 0.000000 -0.539228 0.400000 0.400000 0.400000
1876.568970 0.000000 1673.016602 0.000000 0.840875 0.000000 0.541229 0.400000 0.400000 0.400000
1863.713013 0.000000 1668.678589 0.000000 0.493257 0.000000 0.869884 0.400000 0.400000 0.400000
1871.554688 0.000000 1673.162720 0.000000 0.997734 0.000000 -0.067278 0.400000 0.400000 0.400000
1873.710571 0.000000 1677.056519 0.000000 0.989507 0.000000 -0.144488 0.400000 0.400000 0.400000
1872.053101 0.000000 1664.314697 0.000000 0.952301 0.000000 -0.305159 0.400000 0.400000 0.400000
1870.390747 0.000000 1667.050903 0.000000 0.856896 0.000000 0.515489 0.400000 0.400000 0.400000
1871.278564 0.000000 1669.792480 0.000000 0.377881 0.000000 0.925854 0.400000 0.400000 0.400000
1877.885010 0.000000 1851.060669 0.000000 0.406881 0.000000 0.913481 0.400000 0.400000 0.400000
1862.473999 0.000000 1850.570190 0.000000 0.184726 0.000000 -0.982790 0.400000 0.400000 0.400000
1873.357910 0.000000 1837.366699 0.000000 0.993695 0.000000 0.112118 0.400000 0.400000 0.400000
1883.891235 0.000000 1833.812500 0.000000 0.638385 0.000000 -0.769717 0.400000 0.400000 0.400000
1888.238037 0.000000 1847.946899 0.000000 0.435251 0.000000 0.900309 0.400000 0.400000 0.400000
1865.474854 0.000000 1841.878662 0.000000 0.385050 0.000000 0.922896 0.400000 0.400000 0.400000
1880.591064 0.000000 1842.426270 0.000000 0.953545 0.000000 0.301252 0.400000 0.400000 0.400000
1870.343384 0.000000 1848.461304 0.000000 0.477848 0.000000 0.878442 0.400000 0.400000 0.400000
1887.621948 0.000000 1840.677124 0.000000 0.600069 0.000000 -0.799948 0.400000 0.400000 0.400000
1895.878662 0.000000 1844.400024 0.000000 0.833044 0.000000 0.553207 0.400000 0.400000 0.400000
1874.999023 0.000000 1844.455811 0.000000 0.830351 0.000000 0.557241 0.400000 0.400000 0.400000
1890.591797 0.000000 1832.875244 0.000000 0.707426 0.000000 0.706788 0.400000 0.400000 0.400000
1872.661499 0.000000 1853.927979 0.000000 0.964641 0.000000 0.263566 0.400000 0.400000 0.400000
1878.942261 0.000000 1836.326538 0.000000 0.996067 0.000000 -0.088605 0.400000 0.400000 0.400000
1882.908325 0.000000 1847.376343 0.000000 0.668196 0.000000 -0.743985 0.400000 0.400000 0.400000
1867.294067 0.000000 1853.445312 0.000000 0.679961 0.000000 0.733249 0.400000 0.400000 0.400000
1870.536011 0.000000 1841.891724 0.000000 0.982527 0.000000 -0.186117 0.400000 0.400000 0.400000
1862.579102 0.000000 1845.740234 0.000000 0.995455 0.000000 -0.095233 0.400000 0.400000 0.400000
1891.030762 0.000000 1843.990234 0.000000 0.997552 0.000000 -0.069927 0.400000 0.400000 0.400000
1883.552612 0.000000 1838.386597 0.000000 0.236377 0.000000 0.971661 0.400000 0.400000 0.400000
1876.613525 0.000000 1840.417480 0.000000 0.981762 0.000000 0.190114 0.400000 0.400000 0.400000
1887.624756 0.000000 1836.176880 0.000000 0.664671 0.000000 0.747136 0.400000 0.400000 0.400000
1866.141235 0.000000 1848.561646 0.000000 0.439165 0.000000 -0.898406 0.400000 0.400000 0.400000
1885.820679 0.000000 1844.490845 0.000000 0.360605 0.000000 0.932719 0.400000 0.400000 0.400000
1878.859863 0.000000 1846.508789 0.000000 0.977958 0.000000 0.208801 0.400000 0.400000 0.400000
1874.314331 0.000000 1849.037231 0.000000 0.905918 0.000000 0.423453 0.400000 0.400000 0.400000
1868.028687 0.000000 1845.089722 0.000000 0.464978 0.000000 -0.885322 0.400000 0.400000 0.400000
1891.452881 0.000000 1840.415161 0.000000 0.981135 0.000000 0.193325 0.400000 0.400000 0.400000
1871.639526 0.000000 1845.054565 0.000000 0.201297 0.000000 -0.979530 0.400000 0.400000 0.400000
1891.083984 0.000000 1836.356934 0.000000 0.483367 0.000000 0.875418 0.400000 0.400000 0.400000
1870.180298 0.000000 1851.686035 0.000000 0.948838 0.000000 -0.315763 0.400000 0.400000 0.400000
1879.573730 0.000000 1839.513550 0.000000 0.807777 0.000000 -0.589488 0.400000 0.400000 0.400000
1877.788696 0.000000 1843.760620 0.000000 0.716550 0.000000 -0.697536 0.400000 0.400000 0.400000
1889.381714 0.000000 1838.574585 0.000000 0.786915 0.000000 0.617061 0.400000 0.400000 0.400000
1886.271973 0.000000 1838.477661 0.000000 0.437155 0.000000 -0.899386 0.400000 0.400000 0.400000
1868.308228 0.000000 1856.776367 0.000000 0.994217 0.000000 -0.107389 0.400000 0.400000 0.400000
2082.819092 0.000000 1620.910034 0.000000 0.990022 0.000000 0.140914 0.400000 0.400000 0.400000
2084.553467 0.000000 1611.138794 0.000000 0.017760 0.000000 0.999842 0.400000 0.400000 0.400000
2085.140625 0.000000 1616.179199 0.000000 0.331126 0.000000 -0.943587 0.400000 0.400000 0.400000
2087.816650 0.000000 1620.584961 0.000000 0.284208 0.000000 -0.958763 0.400000 0.400000 0.400000
2087.566895 0.000000 1606.100952 0.000000 0.896691 0.000000 -0.442656 0.400000 0.400000 0.400000
2078.583740 0.000000 1623.827515 0.000000 0.699138 0.000000 0.714987 0.400000 0.400000 0.400000
2079.982422 0.000000 1611.276123 0.000000 0.249053 0.000000 -0.968490 0.400000 0.400000 0.400000
2088.992676 0.000000 1611.081665 0.000000 0.477715 0.000000 0.878515 0.400000 0.400000 0.400000
2079.087158 0.000000 1619.156006 0.000000 0.984363 0.000000 -0.176149 0.400000 0.400000 0.400000
2085.569336 0.000000 1623.108276 0.000000 0.994860 0.000000 -0.101257 0.400000 0.400000 0.400000
2086.997559 0.000000 1613.544067 0.000000 0.803629 0.000000 0.595131 0.400000 0.400000 0.400000
2084.969482 0.000000 1608.014404 0.000000 0.110103 0.000000 -0.993920 0.400000 0.400000 0.400000
2082.461426 0.000000 1617.712036 0.000000 0.962490 0.000000 -0.271316 0.400000 0.400000 0.400000
2085.276367 0.000000 1619.248047 0.000000 0.999255 0.000000 -0.038592 0.400000 0.400000 0.400000
2140.016113 0.000000 1641.812500 0.000000 0.962160 0.000000 -0.272486 0.400000 0.400000 0.400000
2143.763916 0.000000 1635.813232 0.000000 0.934850 0.000000 -0.355042 0.400000 0.400000 0.400000
2146.716797 0.000000 1640.875244 0.000000 0.981895 0.000000 0.189425 0.400000 0.400000 0.400000
2148.832031 0.000000 1637.156494 0.000000 0.871083 0.000000 -0.491136 0.400000 0.400000 0.400000
2142.822021 0.000000 1639.381592 0.000000 0.931051 0.000000 0.364890 0.400000 0.400000 0.400000
2145.960205 0.000000 1638.003052 0.000000 0.014484 0.000000 -0.999895 0.400000 0.400000 0.400000
2185.883057 0.000000 1620.325928 0.000000 0.998069 0.000000 -0.062123 0.400000 0.400000 0.400000
2180.126709 0.000000 1629.595093 0.000000 0.996866 0.000000 0.079115 0.400000 0.400000 0.400000
2187.629639 0.000000 1625.314453 0.000000 0.991238 0.000000 0.132091 0.400000 0.400000 0.400000
2189.709229 0.000000 1629.329468 0.000000 0.445319 0.000000 -0.895372 0.400000 0.400000 0.400000
2264.080811 0.000000 1695.434448 0.000000 0.959638 0.000000 -0.281237 0.400000 0.400000 0.400000
2268.078613 0.000000 1705.812500 0.000000 0.655758 0.000000 -0.754971 0.400000 0.400000 0.400000
2266.135254 0.000000 1686.330933 0.000000 0.427679 0.000000 -0.903931 0.400000 0.400000 0.400000
2257.310303 0.000000 1690.588135 0.000000 0.972275 0.000000 -0.233840 0.400000 0.400000 0.400000
2272.056152 0.000000 1692.260620 0.000000 0.632863 0.000000 -0.774264 0.400000 0.400000 0.400000
2260.731201 0.000000 1702.224854 0.000000 0.686189 0.000000 0.727423 0.400000 0.400000 0.400000
2271.826416 0.000000 1699.813232 0.000000 0.221880 0.000000 0.975074 0.400000 0.400000 0.400000
2256.687500 0.000000 1696.952148 0.000000 0.940314 0.000000 -0.340309 0.400000 0.400000 0.400000
2263.129883 0.000000 1708.326538 0.000000 0.427530 0.000000 0.904001 0.400000 0.400000 0.400000
2263.641602 0.000000 1690.475586 0.000000 0.236475 0.000000 -0.971638 0.400000 0.400000 0.400000
2267.882324 0.000000 1691.146362 0.000000 0.661654 0.000000 -0.749809 0.400000 0.400000 0.400000
2259.999268 0.000000 1694.197144 0.000000 0.934160 0.000000 0.356855 0.400000 0.400000 0.400000
2264.250000 0.000000 1704.248291 0.000000 0.980890 0.000000 0.194562 0.400000 0.400000 0.400000
2260.691650 0.000000 1698.204834 0.000000 0.981442 0.000000 0.191757 0.400000 0.400000 0.400000
2263.835449 0.000000 1698.527832 0.000000 0.447952 0.000000 0.894058 0.400000 0.400000 0.400000
2268.911377 0.000000 1699.122559 0.000000 0.307230 0.000000 0.951635 0.400000 0.400000 0.400000
2266.825928 0.000000 1693.977051 0.000000 0.679268 0.000000 0.733890 0.400000 0.400000 0.400000
2263.452881 0.000000 1701.550781 0.000000 0.649345 0.000000 -0.760494 0.400000 0.400000 0.400000
1916.216553 0.000000 2906.593506 0.000000 0.915972 0.000000 0.401243 0.400000 0.400000 0.400000
1916.728638 0.000000 2909.313721 0.000000 0.348982 0.000000 -0.937129 0.400000 0.400000 0.400000
1977.617432 0.000000 2932.365723 0.000000 0.317760 0.000000 -0.948171 0.400000 0.400000 0.400000
1979.568970 0.000000 2943.765869 0.000000 0.554106 0.000000 -0.832446 0.400000 0.400000 0.400000
1923.419556 0.000000 2916.703369 0.000000 0.322529 0.000000 0.946559 0.400000 0.400000 0.400000
1983.678711 0.000000 2942.530273 0.000000 0.996555 0.000000 0.082934 0.400000 0.400000 0.400000
2005.947510 0.000000 2939.060791 0.000000 0.995770 0.000000 -0.091885 0.400000 0.400000 0.400000
1990.536499 0.000000 2938.570312 0.000000 0.036573 0.000000 -0.999331 0.400000 0.400000 0.400000
2001.420410 0.000000 2925.366699 0.000000 0.785257 0.000000 0.619170 0.400000 0.400000 0.400000
2016.300537 0.000000 2935.946777 0.000000 0.998774 0.000000 -0.049502 0.400000 0.400000 0.400000
1993.537354 0.000000 2929.878662 0.000000 0.096852 0.000000 0.995299 0.400000 0.400000 0.400000
1998.405884 0.000000 2936.461426 0.000000 0.977005 0.000000 0.213218 0.400000 0.400000 0.400000
2015.684448 0.000000 2928.677246 0.000000 0.360325 0.000000 -0.932827 0.400000 0.400000 0.400000
2003.061523 0.000000 2932.455811 0.000000 0.617760 0.000000 -0.786366 0.400000 0.400000 0.400000
2007.004761 0.000000 2924.326416 0.000000 0.971480 0.000000 0.237123 0.400000 0.400000 0.400000
2010.970825 0.000000 2935.376465 0.000000 0.670119 0.000000 -0.742253 0.400000 0.400000 0.400000
1995.356567 0.000000 2941.445312 0.000000 0.999999 0.000000 -0.001540 0.400000 0.400000 0.400000
1998.598511 0.000000 2929.891602 0.000000 0.999444 0.000000 -0.033335 0.400000 0.400000 0.400000
1989.130127 0.000000 2927.456055 0.000000 0.925067 0.000000 -0.379804 0.400000 0.400000 0.400000
2011.615112 0.000000 2926.386475 0.000000 0.721807 0.000000 -0.692095 0.400000 0.400000 0.400000
2004.676025 0.000000 2928.417480 0.000000 0.807124 0.000000 -0.590382 0.400000 0.400000 0.400000
1997.063843 0.000000 2925.685547 0.000000 0.917359 0.000000 0.398062 0.400000 0.400000 0.400000
1994.203735 0.000000 2936.561768 0.000000 0.331849 0.000000 0.943333 0.400000 0.400000 0.400000
2013.883179 0.000000 2932.490967 0.000000 0.372591 0.000000 0.927996 0.400000 0.400000 0.400000
2006.922363 0.000000 2934.508789 0.000000 0.846270 0.000000 0.532755 0.400000 0.400000 0.400000
1996.091187 0.000000 2933.089600 0.000000 0.990501 0.000000 -0.137505 0.400000 0.400000 0.400000
1999.702026 0.000000 2933.054443 0.000000 0.977956 0.000000 0.208810 0.400000 0.400000 0.400000
1988.508057 0.000000 2941.192871 0.000000 0.808138 0.000000 -0.588993 0.400000 0.400000 0.400000
2011.958496 0.000000 2929.689941 0.000000 0.055761 0.000000 0.998444 0.400000 0.400000 0.400000
2001.571289 0.000000 2929.005615 0.000000 0.512551 0.000000 0.858657 0.400000 0.400000 0.400000
1992.165405 0.000000 2941.246338 0.000000 0.620957 0.000000 0.783844 0.400000 0.400000 0.400000
2007.636230 0.000000 2927.513428 0.000000 0.909785 0.000000 0.415080 0.400000 0.400000 0.400000
1987.354980 0.000000 2933.584229 0.000000 0.393821 0.000000 -0.919187 0.400000 0.400000 0.400000
1996.171143 0.000000 2928.389160 0.000000 0.732669 0.000000 0.680585 0.400000 0.400000 0.400000
1993.407349 0.000000 2933.676270 0.000000 0.820031 0.000000 -0.572319 0.400000 0.400000 0.400000
1913.586182 0.000000 2996.365723 0.000000 0.800036 0.000000 0.599952 0.400000 0.400000 0.400000
1897.260498 0.000000 3005.944580 0.000000 0.803977 0.000000 0.594660 0.400000 0.400000 0.400000
1915.357422 0.000000 2957.532227 0.000000 0.998411 0.000000 -0.056357 0.400000 0.400000 0.400000
1902.572876 0.000000 2996.466797 0.000000 0.985951 0.000000 0.167037 0.400000 0.400000 0.400000
1917.498657 0.000000 3004.735840 0.000000 0.564822 0.000000 -0.825213 0.400000 0.400000 0.400000
1907.305176 0.000000 3004.407471 0.000000 0.945242 0.000000 -0.326370 0.400000 0.400000 0.400000
1895.878662 0.000000 2996.400146 0.000000 0.362047 0.000000 0.932160 0.400000 0.400000 0.400000
1908.119263 0.000000 2998.578125 0.000000 0.774941 0.000000 -0.632034 0.400000 0.400000 0.400000
1901.858765 0.000000 3002.451904 0.000000 0.856059 0.000000 -0.516878 0.400000 0.400000 0.400000
1912.590454 0.000000 3001.978516 0.000000 0.513320 0.000000 0.858197 0.400000 0.400000 0.400000
1899.117065 0.000000 2992.067871 0.000000 0.974313 0.000000 -0.225199 0.400000 0.400000 0.400000
1893.521606 0.000000 3001.182617 0.000000 0.988409 0.000000 -0.151813 0.400000 0.400000 0.400000
1898.038818 0.000000 3000.350098 0.000000 0.591700 0.000000 0.806158 0.400000 0.400000 0.400000
1911.060303 0.000000 3006.082764 0.000000 0.774858 0.000000 -0.632135 0.400000 0.400000 0.400000
1905.472900 0.000000 3001.189941 0.000000 0.382704 0.000000 0.923871 0.400000 0.400000 0.400000
1915.537720 0.000000 3007.765869 0.000000 0.967402 0.000000 0.253247 0.400000 0.400000 0.400000
1909.369141 0.000000 3001.669434 0.000000 0.999386 0.000000 0.035031 0.400000 0.400000 0.400000
1901.164062 0.000000 2999.340820 0.000000 0.958007 0.000000 0.286743 0.400000 0.400000 0.400000
1898.770874 0.000000 3003.338867 0.000000 0.279404 0.000000 -0.960174 0.400000 0.400000 0.400000
1904.308960 0.000000 3003.702637 0.000000 0.131509 0.000000 -0.991315 0.400000 0.400000 0.400000
1905.220459 0.000000 3029.941895 0.000000 0.966293 0.000000 0.257446 0.400000 0.400000 0.400000
1913.586182 0.000000 3060.365723 0.000000 0.562243 0.000000 -0.826972 0.400000 0.400000 0.400000
1911.998413 0.000000 3008.753418 0.000000 0.832967 0.000000 -0.553323 0.400000 0.400000 0.400000
1899.925293 0.000000 3015.939209 0.000000 0.998774 0.000000 0.049505 0.400000 0.400000 0.400000
1915.357422 0.000000 3021.532227 0.000000 0.801088 0.000000 -0.598547 0.400000 0.400000 0.400000
1916.216553 0.000000 3034.593506 0.000000 0.984184 0.000000 0.177148 0.400000 0.400000 0.400000
1892.432739 0.000000 3008.552002 0.000000 0.106411 0.000000 -0.994322 0.400000 0.400000 0.400000
1917.405151 0.000000 3051.817383 0.000000 0.671212 0.000000 0.741265 0.400000 0.400000 0.400000
1906.701782 0.000000 3021.476807 0.000000 0.257009 0.000000 0.966409 0.400000 0.400000 0.400000
1918.217896 0.000000 3044.156494 0.000000 0.641641 0.000000 0.767005 0.400000 0.400000 0.400000
1912.317139 0.000000 3028.535889 0.000000 0.856114 0.000000 -0.516787 0.400000 0.400000 0.400000
1916.611572 0.000000 3014.381104 0.000000 0.293179 0.000000 -0.956058 0.400000 0.400000 0.400000
1918.377686 0.000000 3028.821777 0.000000 0.347434 0.000000 -0.937704 0.400000 0.400000 0.400000
1898.374390 0.000000 3010.061279 0.000000 0.953673 0.000000 0.300844 0.400000 0.400000 0.400000
1918.881348 0.000000 3009.051270 0.000000 0.963942 0.000000 -0.266111 0.400000 0.400000 0.400000
1912.533325 0.000000 3048.942871 0.000000 0.423952 0.000000 0.905685 0.400000 0.400000 0.400000
1918.875732 0.000000 3060.969238 0.000000 0.063169 0.000000 -0.998003 0.400000 0.400000 0.400000
1915.435303 0.000000 3039.874268 0.000000 0.941540 0.000000 0.336900 0.400000 0.400000 0.400000
1904.839600 0.000000 3014.427490 0.000000 0.543338 0.000000 0.839514 0.400000 0.400000 0.400000
1914.552734 0.000000 3055.636963 0.000000 0.609317 0.000000 -0.792927 0.400000 0.400000 0.400000
1911.105103 0.000000 3023.847900 0.000000 0.999729 0.000000 -0.023278 0.400000 0.400000 0.400000
1918.962891 0.000000 3024.313232 0.000000 0.406751 0.000000 0.913539 0.400000 0.400000 0.400000
1919.460815 0.000000 3038.223633 0.000000 0.186217 0.000000 -0.982509 0.400000 0.400000 0.400000
1911.255371 0.000000 3019.358643 0.000000 0.988547 0.000000 -0.150916 0.400000 0.400000 0.400000
1920.695801 0.000000 3054.741455 0.000000 0.984923 0.000000 -0.172992 0.400000 0.400000 0.400000
1915.261108 0.000000 3025.828857 0.000000 0.984599 0.000000 -0.174828 0.400000 0.400000 0.400000
1913.002686 0.000000 3012.600830 0.000000 0.785507 0.000000 -0.618852 0.400000 0.400000 0.400000
1919.197021 0.000000 3048.144287 0.000000 0.543387 0.000000 0.839482 0.400000 0.400000 0.400000
1901.660034 0.000000 3012.155029 0.000000 0.073922 0.000000 -0.997264 0.400000 0.400000 0.400000
1920.448486 0.000000 3015.018311 0.000000 0.862173 0.000000 -0.506614 0.400000 0.400000 0.400000
1913.465698 0.000000 3016.340820 0.000000 0.720487 0.000000 0.693469 0.400000 0.400000 0.400000
1917.841675 0.000000 3057.391113 0.000000 0.542167 0.000000 -0.840271 0.400000 0.400000 0.400000
1919.521484 0.000000 3033.020508 0.000000 0.721201 0.000000 0.692725 0.400000 0.400000 0.400000
1915.449585 0.000000 3031.020264 0.000000 0.374327 0.000000 -0.927297 0.400000 0.400000 0.400000
1915.425293 0.000000 3009.738525 0.000000 0.999612 0.000000 0.027862 0.400000 0.400000 0.400000
1908.033203 0.000000 3018.218750 0.000000 0.978471 0.000000 0.206386 0.400000 0.400000 0.400000
1901.329102 0.000000 3008.082031 0.000000 0.803107 0.000000 -0.595835 0.400000 0.400000 0.400000
1915.916992 0.000000 3018.568848 0.000000 0.190064 0.000000 0.981772 0.400000 0.400000 0.400000
1920.190918 0.000000 3051.956543 0.000000 0.151216 0.000000 -0.988501 0.400000 0.400000 0.400000
1907.161377 0.000000 3008.792480 0.000000 0.553820 0.000000 0.832636 0.400000 0.400000 0.400000
1918.442993 0.000000 3021.782715 0.000000 0.305754 0.000000 0.952111 0.400000 0.400000 0.400000
1910.451294 0.000000 3012.697510 0.000000 0.814556 0.000000 0.580086 0.400000 0.400000 0.400000
1979.388672 0.000000 2957.532227 0.000000 0.744737 0.000000 -0.667358 0.400000 0.400000 0.400000
1980.247803 0.000000 2970.593506 0.000000 0.910440 0.000000 -0.413642 0.400000 0.400000 0.400000
1982.408936 0.000000 2964.821777 0.000000 0.813522 0.000000 0.581534 0.400000 0.400000 0.400000
1921.043335 0.000000 3005.086914 0.000000 0.452265 0.000000 -0.891883 0.400000 0.400000 0.400000
1982.837036 0.000000 2954.497559 0.000000 0.735842 0.000000 -0.677153 0.400000 0.400000 0.400000
1983.492065 0.000000 2974.223633 0.000000 0.667362 0.000000 -0.744733 0.400000 0.400000 0.400000
1977.033936 0.000000 2948.600830 0.000000 0.397689 0.000000 0.917520 0.400000 0.400000 0.400000
1979.456543 0.000000 2945.738525 0.000000 0.798627 0.000000 0.601826 0.400000 0.400000 0.400000
1983.412476 0.000000 2948.055908 0.000000 0.816943 0.000000 -0.576719 0.400000 0.400000 0.400000
1996.370728 0.000000 2944.776367 0.000000 0.318816 0.000000 0.947817 0.400000 0.400000 0.400000
2025.322998 0.000000 3005.944580 0.000000 0.763294 0.000000 -0.646051 0.400000 0.400000 0.400000
1993.142944 0.000000 2973.326172 0.000000 0.579574 0.000000 -0.814920 0.400000 0.400000 0.400000
1994.663696 0.000000 2954.239014 0.000000 0.144241 0.000000 0.989543 0.400000 0.400000 0.400000
2035.367676 0.000000 3004.407471 0.000000 0.761853 0.000000 0.647750 0.400000 0.400000 0.400000
1985.203247 0.000000 2968.878418 0.000000 0.303475 0.000000 -0.952839 0.400000 0.400000 0.400000
1985.686768 0.000000 2978.169434 0.000000 0.171097 0.000000 -0.985254 0.400000 0.400000 0.400000
1993.789429 0.000000 2964.325928 0.000000 0.799688 0.000000 -0.600415 0.400000 0.400000 0.400000
1991.775513 0.000000 2948.678711 0.000000 0.885798 0.000000 0.464072 0.400000 0.400000 0.400000
2029.921265 0.000000 3002.451904 0.000000 0.623666 0.000000 0.781691 0.400000 0.400000 0.400000
1996.925049 0.000000 2959.496826 0.000000 0.416804 0.000000 -0.908996 0.400000 0.400000 0.400000
1990.544922 0.000000 2968.572754 0.000000 0.938368 0.000000 0.345637 0.400000 0.400000 0.400000
1987.511108 0.000000 2964.641113 0.000000 0.718334 0.000000 -0.695698 0.400000 0.400000 0.400000
2039.122803 0.000000 3006.082764 0.000000 0.918312 0.000000 0.395857 0.400000 0.400000 0.400000
2031.639893 0.000000 3006.272461 0.000000 0.920770 0.000000 -0.390105 0.400000 0.400000 0.400000
1988.157715 0.000000 2949.719727 0.000000 0.167209 0.000000 -0.985922 0.400000 0.400000 0.400000
1990.975952 0.000000 2952.519287 0.000000 0.859822 0.000000 0.510594 0.400000 0.400000 0.400000
1984.995361 0.000000 2956.383301 0.000000 0.662018 0.000000 0.749488 0.400000 0.400000 0.400000
1989.222656 0.000000 2977.447510 0.000000 0.534327 0.000000 -0.845278 0.400000 0.400000 0.400000
2035.735474 0.000000 3007.860352 0.000000 0.657855 0.000000 0.753144 0.400000 0.400000 0.400000
1992.714600 0.000000 2945.282959 0.000000 0.625928 0.000000 -0.779881 0.400000 0.400000 0.400000
1985.812988 0.000000 2944.005371 0.000000 0.996282 0.000000 -0.086153 0.400000 0.400000 0.400000
1991.804199 0.000000 2955.361572 0.000000 0.762243 0.000000 -0.647291 0.400000 0.400000 0.400000
1987.828735 0.000000 2967.542969 0.000000 0.543491 0.000000 0.839415 0.400000 0.400000 0.400000
1985.412109 0.000000 2950.583008 0.000000 0.035957 0.000000 -0.999353 0.400000 0.400000 0.400000
1922.444092 0.000000 3023.852295 0.000000 0.023018 0.000000 -0.999735 0.400000 0.400000 0.400000
1926.505249 0.000000 3066.570312 0.000000 0.175055 0.000000 0.984559 0.400000 0.400000 0.400000
1961.291748 0.000000 3069.944580 0.000000 0.610894 0.000000 0.791713 0.400000 0.400000 0.400000
1937.389160 0.000000 3053.366699 0.000000 0.995270 0.000000 -0.097144 0.400000 0.400000 0.400000
1921.325684 0.000000 3011.283691 0.000000 0.805681 0.000000 0.592350 0.400000 0.400000 0.400000
1930.632446 0.000000 3018.239014 0.000000 0.727592 0.000000 0.686010 0.400000 0.400000 0.400000
1932.318604 0.000000 3045.813477 0.000000 0.216254 0.000000 -0.976337 0.400000 0.400000 0.400000
1929.506104 0.000000 3057.878662 0.000000 0.998539 0.000000 -0.054040 0.400000 0.400000 0.400000
1921.171997 0.000000 3032.878418 0.000000 0.984030 0.000000 -0.178004 0.400000 0.400000 0.400000
1921.655518 0.000000 3042.169434 0.000000 0.363962 0.000000 0.931414 0.400000 0.400000 0.400000
1937.154053 0.000000 3034.588135 0.000000 0.993762 0.000000 0.111518 0.400000 0.400000 0.400000
1929.758179 0.000000 3028.325928 0.000000 0.242291 0.000000 -0.970204 0.400000 0.400000 0.400000
1921.442383 0.000000 3059.127686 0.000000 0.663988 0.000000 -0.747743 0.400000 0.400000 0.400000
1934.374634 0.000000 3064.461426 0.000000 0.836698 0.000000 0.547665 0.400000 0.400000 0.400000
1923.271484 0.000000 3017.455078 0.000000 0.975678 0.000000 -0.219208 0.400000 0.400000 0.400000
1936.531128 0.000000 3040.952148 0.000000 0.330000 0.000000 -0.943981 0.400000 0.400000 0.400000
1929.201782 0.000000 3051.500244 0.000000 0.097337 0.000000 0.995251 0.400000 0.400000 0.400000
1921.043335 0.000000 3069.086914 0.000000 0.480383 0.000000 -0.877059 0.400000 0.400000 0.400000
1927.744263 0.000000 3012.678711 0.000000 0.997473 0.000000 0.071053 0.400000 0.400000 0.400000
1926.196289 0.000000 3046.037598 0.000000 0.770831 0.000000 0.637040 0.400000 0.400000 0.400000
1932.893799 0.000000 3023.496826 0.000000 0.925503 0.000000 -0.378739 0.400000 0.400000 0.400000
1934.769897 0.000000 3029.948242 0.000000 0.114118 0.000000 -0.993467 0.400000 0.400000 0.400000
1927.414307 0.000000 3022.332031 0.000000 0.625658 0.000000 0.780098 0.400000 0.400000 0.400000
1921.880249 0.000000 3064.244385 0.000000 0.978490 0.000000 0.206296 0.400000 0.400000 0.400000
1934.567261 0.000000 3057.891602 0.000000 0.091372 0.000000 0.995817 0.400000 0.400000 0.400000
1926.610352 0.000000 3061.740234 0.000000 0.971160 0.000000 0.238427 0.400000 0.400000 0.400000
1925.098877 0.000000 3055.456055 0.000000 0.997268 0.000000 0.073864 0.400000 0.400000 0.400000
1921.057373 0.000000 3046.751465 0.000000 0.293587 0.000000 -0.955932 0.400000 0.400000 0.400000
1933.032593 0.000000 3053.685547 0.000000 0.556961 0.000000 0.830538 0.400000 0.400000 0.400000
1930.172485 0.000000 3064.561768 0.000000 0.840639 0.000000 -0.541596 0.400000 0.400000 0.400000
1921.224121 0.000000 3054.563721 0.000000 0.259830 0.000000 -0.965654 0.400000 0.400000 0.400000
1932.059937 0.000000 3061.089600 0.000000 0.875644 0.000000 0.482958 0.400000 0.400000 0.400000
1932.769775 0.000000 3041.506836 0.000000 0.147570 0.000000 0.989052 0.400000 0.400000 0.400000
1926.663818 0.000000 3026.164795 0.000000 0.226902 0.000000 -0.973918 0.400000 0.400000 0.400000
1920.964111 0.000000 3020.383301 0.000000 0.416581 0.000000 -0.909099 0.400000 0.400000 0.400000
1926.176636 0.000000 3049.609863 0.000000 0.775579 0.000000 0.631250 0.400000 0.400000 0.400000
1929.203369 0.000000 3047.937500 0.000000 0.382107 0.000000 -0.924118 0.400000 0.400000 0.400000
1924.518311 0.000000 3020.589600 0.000000 0.259985 0.000000 0.965613 0.400000 0.400000 0.400000
1929.831421 0.000000 3024.958008 0.000000 0.357158 0.000000 0.934044 0.400000 0.400000 0.400000
1928.346558 0.000000 3054.706543 0.000000 0.656036 0.000000 0.754729 0.400000 0.400000 0.400000
1921.088501 0.000000 3038.729492 0.000000 0.762760 0.000000 0.646682 0.400000 0.400000 0.400000
1923.419556 0.000000 3044.703369 0.000000 0.999422 0.000000 -0.033988 0.400000 0.400000 0.400000
1923.323730 0.000000 3061.584229 0.000000 0.692414 0.000000 0.721501 0.400000 0.400000 0.400000
1929.020996 0.000000 3044.861084 0.000000 0.554311 0.000000 -0.832310 0.400000 0.400000 0.400000
1929.079590 0.000000 3031.203125 0.000000 0.510080 0.000000 -0.860127 0.400000 0.400000 0.400000
1921.020752 0.000000 3035.816650 0.000000 0.918557 0.000000 0.395290 0.400000 0.400000 0.400000
1926.267700 0.000000 3029.458008 0.000000 0.292877 0.000000 -0.956150 0.400000 0.400000 0.400000
1925.953369 0.000000 3052.655762 0.000000 0.021643 0.000000 0.999766 0.400000 0.400000 0.400000
1926.656738 0.000000 3038.912354 0.000000 0.928951 0.000000 0.370203 0.400000 0.400000 0.400000
1926.719849 0.000000 3035.850830 0.000000 0.617038 0.000000 0.786933 0.400000 0.400000 0.400000
2033.282959 0.000000 3029.941895 0.000000 0.929623 0.000000 -0.368511 0.400000 0.400000 0.400000
2007.955811 0.000000 3039.434570 0.000000 0.995799 0.000000 -0.091567 0.400000 0.400000 0.400000
2013.363403 0.000000 3015.657227 0.000000 0.954408 0.000000 -0.298507 0.400000 0.400000 0.400000
2040.060913 0.000000 3008.753418 0.000000 0.902868 0.000000 0.429919 0.400000 0.400000 0.400000
2022.193237 0.000000 3053.926514 0.000000 0.094082 0.000000 -0.995564 0.400000 0.400000 0.400000
2027.987793 0.000000 3015.939209 0.000000 0.622375 0.000000 0.782720 0.400000 0.400000 0.400000
2018.787842 0.000000 3028.910156 0.000000 0.254587 0.000000 0.967050 0.400000 0.400000 0.400000
2043.419922 0.000000 3021.532227 0.000000 0.909777 0.000000 0.415097 0.400000 0.400000 0.400000
2022.348145 0.000000 3041.133789 0.000000 0.459635 0.000000 -0.888108 0.400000 0.400000 0.400000
2011.953735 0.000000 3049.812500 0.000000 0.475517 0.000000 0.879707 0.400000 0.400000 0.400000
2016.300537 0.000000 3063.946777 0.000000 0.524503 0.000000 0.851409 0.400000 0.400000 0.400000
2030.635376 0.000000 3060.466797 0.000000 0.754560 0.000000 0.656231 0.400000 0.400000 0.400000
2020.495239 0.000000 3008.552002 0.000000 0.993512 0.000000 -0.113729 0.400000 0.400000 0.400000
2010.010254 0.000000 3030.330811 0.000000 0.521160 0.000000 0.853459 0.400000 0.400000 0.400000
2030.893066 0.000000 3051.308350 0.000000 0.944343 0.000000 -0.328962 0.400000 0.400000 0.400000
2034.764282 0.000000 3021.476807 0.000000 0.657444 0.000000 0.753503 0.400000 0.400000 0.400000
2026.543579 0.000000 3024.408447 0.000000 0.764432 0.000000 0.644704 0.400000 0.400000 0.400000
2031.141724 0.000000 3038.288574 0.000000 0.940026 0.000000 0.341104 0.400000 0.400000 0.400000
2015.931152 0.000000 3036.260742 0.000000 0.475808 0.000000 -0.879549 0.400000 0.400000 0.400000
2020.522095 0.000000 3019.138916 0.000000 0.929807 0.000000 -0.368047 0.400000 0.400000 0.400000
2024.929077 0.000000 3033.583740 0.000000 0.777236 0.000000 0.629209 0.400000 0.400000 0.400000
2013.769043 0.000000 3023.306641 0.000000 0.460518 0.000000 -0.887650 0.400000 0.400000 0.400000
2032.554565 0.000000 3009.417969 0.000000 0.999857 0.000000 -0.016931 0.400000 0.400000 0.400000
2037.680298 0.000000 3054.328369 0.000000 0.331003 0.000000 -0.943630 0.400000 0.400000 0.400000
2044.674072 0.000000 3014.381104 0.000000 0.880660 0.000000 -0.473749 0.400000 0.400000 0.400000
2015.684448 0.000000 3056.677246 0.000000 0.998684 0.000000 -0.051289 0.400000 0.400000 0.400000
2037.890991 0.000000 3015.295654 0.000000 0.880422 0.000000 0.474192 0.400000 0.400000 0.400000
2024.836792 0.000000 3047.445068 0.000000 0.265004 0.000000 -0.964247 0.400000 0.400000 0.400000
2023.941162 0.000000 3060.400146 0.000000 0.688158 0.000000 -0.725561 0.400000 0.400000 0.400000
2030.219360 0.000000 3044.394287 0.000000 0.201500 0.000000 0.979489 0.400000 0.400000 0.400000
2026.436890 0.000000 3010.061279 0.000000 0.335551 0.000000 0.942022 0.400000 0.400000 0.400000
2018.654297 0.000000 3048.875244 0.000000 0.083534 0.000000 0.996505 0.400000 0.400000 0.400000
2010.024414 0.000000 3044.470947 0.000000 0.352924 0.000000 -0.935652 0.400000 0.400000 0.400000
2018.619507 0.000000 3013.733643 0.000000 0.982609 0.000000 0.185686 0.400000 0.400000 0.400000
2027.179565 0.000000 3056.067871 0.000000 0.375762 0.000000 0.926716 0.400000 0.400000 0.400000
2021.584106 0.000000 3065.182617 0.000000 0.804890 0.000000 0.593423 0.400000 0.400000 0.400000
2021.109375 0.000000 3024.179199 0.000000 0.999949 0.000000 -0.010085 0.400000 0.400000 0.400000
2023.785400 0.000000 3028.584961 0.000000 0.996466 0.000000 0.084000 0.400000 0.400000 0.400000
2032.902100 0.000000 3014.427490 0.000000 0.521322 0.000000 -0.853360 0.400000 0.400000 0.400000
2032.939941 0.000000 3055.842041 0.000000 0.649395 0.000000 -0.760452 0.400000 0.400000 0.400000
2028.478394 0.000000 3030.100830 0.000000 0.543246 0.000000 -0.839573 0.400000 0.400000 0.400000
2031.330200 0.000000 3025.318359 0.000000 0.996331 0.000000 -0.085586 0.400000 0.400000 0.400000
2029.405884 0.000000 3020.520508 0.000000 0.871889 0.000000 -0.489703 0.400000 0.400000 0.400000
2012.761841 0.000000 3040.120117 0.000000 0.914919 0.000000 0.403637 0.400000 0.400000 0.400000
2020.212769 0.000000 3034.185791 0.000000 0.354262 0.000000 0.935146 0.400000 0.400000 0.400000
2023.535645 0.000000 3014.101074 0.000000 0.625517 0.000000 0.780210 0.400000 0.400000 0.400000
2014.552490 0.000000 3031.827393 0.000000 0.323450 0.000000 -0.946245 0.400000 0.400000 0.400000
2026.149658 0.000000 3038.297852 0.000000 0.837659 0.000000 0.546193 0.400000 0.400000 0.400000
2019.093262 0.000000 3059.990234 0.000000 0.641968 0.000000 0.766731 0.400000 0.400000 0.400000
2015.951172 0.000000 3019.276123 0.000000 0.918362 0.000000 -0.395741 0.400000 0.400000 0.400000
2026.444946 0.000000 3051.740234 0.000000 0.930670 0.000000 0.365858 0.400000 0.400000 0.400000
2015.687256 0.000000 3052.177002 0.000000 0.919656 0.000000 0.392724 0.400000 0.400000 0.400000
2024.961426 0.000000 3019.081543 0.000000 0.890339 0.000000 0.455297 0.400000 0.400000 0.400000
2018.110229 0.000000 3040.160156 0.000000 0.389371 0.000000 -0.921081 0.400000 0.400000 0.400000
2039.317871 0.000000 3019.358643 0.000000 0.328057 0.000000 -0.944658 0.400000 0.400000 0.400000
2026.175781 0.000000 3043.013916 0.000000 0.284584 0.000000 -0.958651 0.400000 0.400000 0.400000
2020.769409 0.000000 3045.156494 0.000000 0.995270 0.000000 -0.097149 0.400000 0.400000 0.400000
2029.319946 0.000000 3034.445068 0.000000 0.720273 0.000000 0.693691 0.400000 0.400000 0.400000
2036.221680 0.000000 3011.350342 0.000000 0.108525 0.000000 -0.994094 0.400000 0.400000 0.400000
2015.055908 0.000000 3027.156006 0.000000 0.159276 0.000000 -0.987234 0.400000 0.400000 0.400000
2041.065186 0.000000 3012.600830 0.000000 0.824586 0.000000 -0.565736 0.400000 0.400000 0.400000
2029.722534 0.000000 3012.155029 0.000000 0.970970 0.000000 0.239201 0.400000 0.400000 0.400000
2017.587524 0.000000 3022.778320 0.000000 0.749038 0.000000 -0.662527 0.400000 0.400000 0.400000
2028.597046 0.000000 3048.104248 0.000000 0.970719 0.000000 0.240217 0.400000 0.400000 0.400000
2022.464355 0.000000 3037.250488 0.000000 0.097912 0.000000 0.995195 0.400000 0.400000 0.400000
2041.528198 0.000000 3016.340820 0.000000 0.957420 0.000000 0.288699 0.400000 0.400000 0.400000
2032.402222 0.000000 3018.285889 0.000000 0.752133 0.000000 0.659011 0.400000 0.400000 0.400000
2022.168823 0.000000 3050.090088 0.000000 0.298431 0.000000 -0.954431 0.400000 0.400000 0.400000
2014.759399 0.000000 3047.381592 0.000000 0.935235 0.000000 -0.354029 0.400000 0.400000 0.400000
2019.515381 0.000000 3056.415283 0.000000 0.584995 0.000000 0.811037 0.400000 0.400000 0.400000
2036.095703 0.000000 3018.218750 0.000000 0.877373 0.000000 0.479809 0.400000 0.400000 0.400000
2023.786743 0.000000 3056.992676 0.000000 0.955003 0.000000 0.296595 0.400000 0.400000 0.400000
2021.538208 0.000000 3031.108154 0.000000 0.508875 0.000000 0.860840 0.400000 0.400000 0.400000
2027.187988 0.000000 3059.935059 0.000000 0.999969 0.000000 0.007885 0.400000 0.400000 0.400000
2019.146484 0.000000 3052.356934 0.000000 0.592077 0.000000 0.805882 0.400000 0.400000 0.400000
2029.964111 0.000000 3054.423096 0.000000 0.996247 0.000000 -0.086553 0.400000 0.400000 0.400000
2029.391602 0.000000 3008.082031 0.000000 0.165858 0.000000 -0.986150 0.400000 0.400000 0.400000
2022.966309 0.000000 3021.543945 0.000000 0.464829 0.000000 -0.885400 0.400000 0.400000 0.400000
2017.667358 0.000000 3032.278320 0.000000 0.819773 0.000000 -0.572688 0.400000 0.400000 0.400000
2018.985596 0.000000 3037.094727 0.000000 0.341923 0.000000 -0.939728 0.400000 0.400000 0.400000
2018.430176 0.000000 3025.711914 0.000000 0.117352 0.000000 -0.993090 0.400000 0.400000 0.400000
2026.546631 0.000000 3013.274902 0.000000 0.992363 0.000000 0.123353 0.400000 0.400000 0.400000
2017.897705 0.000000 3046.003174 0.000000 0.967994 0.000000 0.250974 0.400000 0.400000 0.400000
2018.569702 0.000000 3043.114990 0.000000 0.977491 0.000000 -0.210979 0.400000 0.400000 0.400000
2023.664551 0.000000 3025.641113 0.000000 0.433830 0.000000 0.900995 0.400000 0.400000 0.400000
2023.618164 0.000000 3044.570068 0.000000 0.226098 0.000000 -0.974105 0.400000 0.400000 0.400000
2025.706787 0.000000 3030.742676 0.000000 0.482694 0.000000 0.875789 0.400000 0.400000 0.400000
2021.244995 0.000000 3027.248047 0.000000 0.531561 0.000000 0.847020 0.400000 0.400000 0.400000
2026.688110 0.000000 3021.573730 0.000000 0.519889 0.000000 0.854234 0.400000 0.400000 0.400000
2025.062744 0.000000 3054.173584 0.000000 0.994950 0.000000 0.100368 0.400000 0.400000 0.400000
2030.780029 0.000000 3016.088623 0.000000 0.441043 0.000000 -0.897486 0.400000 0.400000 0.400000
2020.457764 0.000000 3039.221924 0.000000 0.728227 0.000000 -0.685336 0.400000 0.400000 0.400000
1958.161987 0.000000 3117.926514 0.000000 0.974244 0.000000 0.225495 0.400000 0.400000 0.400000
1954.756592 0.000000 3092.910156 0.000000 0.684013 0.000000 -0.729469 0.400000 0.400000 0.400000
1958.316895 0.000000 3105.133789 0.000000 0.868604 0.000000 -0.495507 0.400000 0.400000 0.400000
1980.247803 0.000000 3098.593506 0.000000 0.366044 0.000000 0.930597 0.400000 0.400000 0.400000
1956.463989 0.000000 3072.552002 0.000000 0.999424 0.000000 0.033933 0.400000 0.400000 0.400000
1981.436401 0.000000 3115.817383 0.000000 0.985888 0.000000 0.167407 0.400000 0.400000 0.400000
1966.861816 0.000000 3115.308350 0.000000 0.342123 0.000000 0.939655 0.400000 0.400000 0.400000
1962.512329 0.000000 3088.408447 0.000000 0.810871 0.000000 0.585226 0.400000 0.400000 0.400000
1967.110474 0.000000 3102.288574 0.000000 0.976454 0.000000 -0.215724 0.400000 0.400000 0.400000
1956.490845 0.000000 3083.138916 0.000000 0.999734 0.000000 0.023063 0.400000 0.400000 0.400000
1960.897827 0.000000 3097.583740 0.000000 0.872582 0.000000 0.488468 0.400000 0.400000 0.400000
1982.249146 0.000000 3108.156494 0.000000 0.999943 0.000000 -0.010670 0.400000 0.400000 0.400000
1973.649048 0.000000 3118.328369 0.000000 0.200430 0.000000 0.979708 0.400000 0.400000 0.400000
1960.805542 0.000000 3111.445068 0.000000 0.372914 0.000000 -0.927866 0.400000 0.400000 0.400000
1966.188110 0.000000 3108.394287 0.000000 0.617149 0.000000 -0.786847 0.400000 0.400000 0.400000
1976.564575 0.000000 3112.942871 0.000000 0.865396 0.000000 0.501088 0.400000 0.400000 0.400000
1954.588257 0.000000 3077.733643 0.000000 0.989798 0.000000 0.142479 0.400000 0.400000 0.400000
1957.078125 0.000000 3088.179199 0.000000 0.856080 0.000000 -0.516843 0.400000 0.400000 0.400000
1979.466553 0.000000 3103.874268 0.000000 0.408794 0.000000 0.912627 0.400000 0.400000 0.400000
1959.754150 0.000000 3092.584961 0.000000 0.834381 0.000000 -0.551188 0.400000 0.400000 0.400000
1968.908691 0.000000 3119.842041 0.000000 0.264906 0.000000 0.964274 0.400000 0.400000 0.400000
1964.447144 0.000000 3094.100830 0.000000 0.051254 0.000000 0.998686 0.400000 0.400000 0.400000
1971.293823 0.000000 3113.579346 0.000000 0.967779 0.000000 0.251800 0.400000 0.400000 0.400000
1959.504395 0.000000 3078.101074 0.000000 0.153748 0.000000 0.988110 0.400000 0.400000 0.400000
1962.118408 0.000000 3102.297852 0.000000 0.999999 0.000000 -0.001086 0.400000 0.400000 0.400000
1975.136353 0.000000 3087.847900 0.000000 0.863135 0.000000 0.504974 0.400000 0.400000 0.400000
1977.286133 0.000000 3108.241699 0.000000 0.643108 0.000000 -0.765776 0.400000 0.400000 0.400000
1962.413696 0.000000 3115.740234 0.000000 0.929222 0.000000 -0.369522 0.400000 0.400000 0.400000
1975.286621 0.000000 3083.358643 0.000000 0.829199 0.000000 0.558954 0.400000 0.400000 0.400000
1962.144531 0.000000 3107.013916 0.000000 0.979159 0.000000 -0.203093 0.400000 0.400000 0.400000
1965.288696 0.000000 3098.445068 0.000000 0.219271 0.000000 -0.975664 0.400000 0.400000 0.400000
1965.691284 0.000000 3076.155029 0.000000 0.360993 0.000000 -0.932569 0.400000 0.400000 0.400000
1964.565796 0.000000 3112.104248 0.000000 0.853947 0.000000 0.520359 0.400000 0.400000 0.400000
1968.370972 0.000000 3082.285889 0.000000 0.825084 0.000000 -0.565011 0.400000 0.400000 0.400000
1968.247681 0.000000 3111.566895 0.000000 0.977494 0.000000 0.210964 0.400000 0.400000 0.400000
1976.774292 0.000000 3099.149414 0.000000 0.805895 0.000000 -0.592058 0.400000 0.400000 0.400000
1965.025146 0.000000 3105.052979 0.000000 0.998976 0.000000 0.045242 0.400000 0.400000 0.400000
1972.064453 0.000000 3082.218750 0.000000 0.999877 0.000000 0.015698 0.400000 0.400000 0.400000
1973.177124 0.000000 3093.430176 0.000000 0.898185 0.000000 0.439619 0.400000 0.400000 0.400000
1958.935059 0.000000 3085.543945 0.000000 0.208254 0.000000 0.978075 0.400000 0.400000 0.400000
1969.637939 0.000000 3108.788330 0.000000 0.974005 0.000000 0.226526 0.400000 0.400000 0.400000
1967.870605 0.000000 3086.387695 0.000000 0.574304 0.000000 -0.818642 0.400000 0.400000 0.400000
1973.945435 0.000000 3111.633057 0.000000 0.903492 0.000000 -0.428605 0.400000 0.400000 0.400000
1971.322388 0.000000 3096.150146 0.000000 0.519879 0.000000 0.854240 0.400000 0.400000 0.400000
1962.656860 0.000000 3085.573730 0.000000 0.313671 0.000000 0.949532 0.400000 0.400000 0.400000
1965.129761 0.000000 3087.307373 0.000000 0.542252 0.000000 -0.840216 0.400000 0.400000 0.400000
1967.920044 0.000000 3106.047363 0.000000 0.528455 0.000000 0.848961 0.400000 0.400000 0.400000
1966.847900 0.000000 3092.618164 0.000000 0.970149 0.000000 0.242512 0.400000 0.400000 0.400000
1969.163574 0.000000 3091.303955 0.000000 0.999872 0.000000 -0.016008 0.400000 0.400000 0.400000
2105.679932 0.000000 3060.365723 0.000000 0.059566 0.000000 0.998224 0.400000 0.400000 0.400000
2089.354248 0.000000 3069.944580 0.000000 0.905340 0.000000 -0.424688 0.400000 0.400000 0.400000
2094.666504 0.000000 3060.466797 0.000000 0.875419 0.000000 0.483366 0.400000 0.400000 0.400000
2109.592529 0.000000 3068.735840 0.000000 0.525492 0.000000 -0.850798 0.400000 0.400000 0.400000
2087.972412 0.000000 3060.400146 0.000000 0.461842 0.000000 0.886962 0.400000 0.400000 0.400000
2100.213135 0.000000 3062.578125 0.000000 0.055995 0.000000 0.998431 0.400000 0.400000 0.400000
2093.952637 0.000000 3066.451904 0.000000 0.997198 0.000000 0.074804 0.400000 0.400000 0.400000
2104.684082 0.000000 3065.978516 0.000000 0.434479 0.000000 -0.900682 0.400000 0.400000 0.400000
2090.132568 0.000000 3064.350098 0.000000 0.311701 0.000000 0.950180 0.400000 0.400000 0.400000
2103.154053 0.000000 3070.082764 0.000000 0.267212 0.000000 0.963638 0.400000 0.400000 0.400000
2095.671143 0.000000 3070.272461 0.000000 0.991110 0.000000 0.133045 0.400000 0.400000 0.400000
2097.566650 0.000000 3065.189941 0.000000 0.766005 0.000000 0.642835 0.400000 0.400000 0.400000
2092.425537 0.000000 3071.178955 0.000000 0.882219 0.000000 0.470839 0.400000 0.400000 0.400000
2097.314209 0.000000 3093.941895 0.000000 0.300894 0.000000 0.953658 0.400000 0.400000 0.400000
2104.092285 0.000000 3072.753418 0.000000 0.961293 0.000000 -0.275528 0.400000 0.400000 0.400000
2092.019043 0.000000 3079.939209 0.000000 0.914841 0.000000 -0.403813 0.400000 0.400000 0.400000
2107.451172 0.000000 3085.532227 0.000000 0.138635 0.000000 0.990344 0.400000 0.400000 0.400000
2084.526367 0.000000 3072.552002 0.000000 0.976496 0.000000 0.215536 0.400000 0.400000 0.400000
2098.795410 0.000000 3085.476807 0.000000 0.632153 0.000000 0.774843 0.400000 0.400000 0.400000
2090.574951 0.000000 3088.408447 0.000000 0.630399 0.000000 -0.776271 0.400000 0.400000 0.400000
2096.585693 0.000000 3073.417969 0.000000 0.857345 0.000000 -0.514742 0.400000 0.400000 0.400000
2104.410889 0.000000 3092.535889 0.000000 0.586935 0.000000 0.809634 0.400000 0.400000 0.400000
2108.705322 0.000000 3078.381104 0.000000 0.701693 0.000000 -0.712479 0.400000 0.400000 0.400000
2101.922363 0.000000 3079.295654 0.000000 0.199499 0.000000 -0.979898 0.400000 0.400000 0.400000
2090.468018 0.000000 3074.061279 0.000000 0.994950 0.000000 0.100373 0.400000 0.400000 0.400000
2110.969482 0.000000 3124.969238 0.000000 0.980163 0.000000 -0.198191 0.400000 0.400000 0.400000
2096.933350 0.000000 3078.427490 0.000000 0.511322 0.000000 0.859389 0.400000 0.400000 0.400000
2095.361572 0.000000 3089.318359 0.000000 0.590266 0.000000 -0.807209 0.400000 0.400000 0.400000
2093.437256 0.000000 3084.520508 0.000000 0.282238 0.000000 0.959344 0.400000 0.400000 0.400000
2087.566895 0.000000 3078.101074 0.000000 0.894938 0.000000 -0.446190 0.400000 0.400000 0.400000
2103.198975 0.000000 3087.847900 0.000000 0.422316 0.000000 -0.906449 0.400000 0.400000 0.400000
2088.992676 0.000000 3083.081543 0.000000 0.912755 0.000000 -0.408507 0.400000 0.400000 0.400000
2103.349121 0.000000 3083.358643 0.000000 0.054315 0.000000 -0.998524 0.400000 0.400000 0.400000
2099.756836 0.000000 3090.432861 0.000000 0.346220 0.000000 0.938153 0.400000 0.400000 0.400000
2112.789551 0.000000 3118.741455 0.000000 0.938706 0.000000 0.344718 0.400000 0.400000 0.400000
2100.252930 0.000000 3075.350342 0.000000 0.954815 0.000000 -0.297201 0.400000 0.400000 0.400000
2105.096436 0.000000 3076.600830 0.000000 0.879137 0.000000 0.476568 0.400000 0.400000 0.400000
2093.753906 0.000000 3076.155029 0.000000 0.664276 0.000000 -0.747487 0.400000 0.400000 0.400000
2105.559570 0.000000 3080.340820 0.000000 0.966891 0.000000 -0.255189 0.400000 0.400000 0.400000
2096.433594 0.000000 3082.285889 0.000000 0.942887 0.000000 0.333112 0.400000 0.400000 0.400000
2100.126953 0.000000 3082.218750 0.000000 0.183790 0.000000 0.982965 0.400000 0.400000 0.400000
2093.422852 0.000000 3072.082031 0.000000 0.992592 0.000000 -0.121499 0.400000 0.400000 0.400000
2099.255127 0.000000 3072.792480 0.000000 0.634613 0.000000 -0.772830 0.400000 0.400000 0.400000
2099.202881 0.000000 3079.748779 0.000000 0.617118 0.000000 -0.786871 0.400000 0.400000 0.400000
2097.709961 0.000000 3075.740967 0.000000 0.995486 0.000000 -0.094913 0.400000 0.400000 0.400000
2115.011719 0.000000 3115.019043 0.000000 0.375122 0.000000 0.926976 0.400000 0.400000 0.400000
2118.598877 0.000000 3130.570312 0.000000 0.998395 0.000000 0.056641 0.400000 0.400000 0.400000
2129.482910 0.000000 3117.366699 0.000000 0.477870 0.000000 -0.878430 0.400000 0.400000 0.400000
2121.599854 0.000000 3121.878662 0.000000 0.894432 0.000000 0.447204 0.400000 0.400000 0.400000
2136.716064 0.000000 3122.426270 0.000000 0.973235 0.000000 -0.229812 0.400000 0.400000 0.400000
2113.536133 0.000000 3123.127686 0.000000 0.116757 0.000000 -0.993161 0.400000 0.400000 0.400000
2126.468506 0.000000 3128.461426 0.000000 0.871425 0.000000 0.490528 0.400000 0.400000 0.400000
2121.295410 0.000000 3115.500244 0.000000 0.655400 0.000000 0.755282 0.400000 0.400000 0.400000
2118.290039 0.000000 3110.037598 0.000000 0.976110 0.000000 -0.217276 0.400000 0.400000 0.400000
2128.786621 0.000000 3133.927979 0.000000 0.848480 0.000000 0.529227 0.400000 0.400000 0.400000
2123.418945 0.000000 3133.445312 0.000000 0.220199 0.000000 -0.975455 0.400000 0.400000 0.400000
2118.514648 0.000000 3135.874512 0.000000 0.894275 0.000000 -0.447517 0.400000 0.400000 0.400000
2113.974121 0.000000 3128.244385 0.000000 0.370033 0.000000 0.929018 0.400000 0.400000 0.400000
2126.661133 0.000000 3121.891602 0.000000 0.989557 0.000000 0.144143 0.400000 0.400000 0.400000
2118.704102 0.000000 3125.740234 0.000000 0.942148 0.000000 -0.335196 0.400000 0.400000 0.400000
2117.192627 0.000000 3119.456055 0.000000 0.706054 0.000000 -0.708158 0.400000 0.400000 0.400000
2132.738525 0.000000 3120.417480 0.000000 0.908545 0.000000 0.417788 0.400000 0.400000 0.400000
2125.126221 0.000000 3117.685547 0.000000 0.960186 0.000000 -0.279361 0.400000 0.400000 0.400000
2122.266113 0.000000 3128.561768 0.000000 0.752255 0.000000 -0.658871 0.400000 0.400000 0.400000
2120.440186 0.000000 3118.706543 0.000000 0.777969 0.000000 0.628303 0.400000 0.400000 0.400000
2117.017334 0.000000 3122.854980 0.000000 0.900638 0.000000 -0.434571 0.400000 0.400000 0.400000
2124.233643 0.000000 3120.389160 0.000000 0.797299 0.000000 0.603585 0.400000 0.400000 0.400000
2121.469971 0.000000 3125.676270 0.000000 0.879228 0.000000 -0.476401 0.400000 0.400000 0.400000
2124.433105 0.000000 3136.776367 0.000000 0.993297 0.000000 -0.115589 0.400000 0.400000 0.400000
"}
