object={
	name="tree_pine_impassable_01_a_generator_1_0"
	render_pass=Map
	clamp_to_water_level=no
	generated_content=yes
	layer="tree_high_layer"
	pdxmesh="tree_pine_impassable_01_a_mesh"
	count=89
	transform="1871.083984 0.000000 1718.720825 0.000000 0.083108 0.000000 -0.996541 0.400000 0.400000 0.400000
1854.078003 0.000000 1709.866089 0.000000 0.316746 0.000000 0.948511 0.400000 0.400000 0.400000
1860.542847 0.000000 1725.467041 0.000000 0.632881 0.000000 -0.774249 0.400000 0.400000 0.400000
1864.515015 0.000000 1725.768799 0.000000 0.110398 0.000000 0.993887 0.400000 0.400000 0.400000
1865.679199 0.000000 1721.374023 0.000000 0.957001 0.000000 -0.290085 0.400000 0.400000 0.400000
1862.793701 0.000000 1723.481201 0.000000 0.352355 0.000000 0.935867 0.400000 0.400000 0.400000
1863.773438 0.000000 1717.360229 0.000000 0.433545 0.000000 0.901132 0.400000 0.400000 0.400000
1860.761475 0.000000 1714.532349 0.000000 0.210285 0.000000 -0.977640 0.400000 0.400000 0.400000
1859.104980 0.000000 1723.234253 0.000000 0.364516 0.000000 0.931197 0.400000 0.400000 0.400000
1913.652832 0.000000 1707.299438 0.000000 0.026451 0.000000 -0.999650 0.400000 0.400000 0.400000
1913.813477 0.000000 1692.913574 0.000000 0.694356 0.000000 -0.719632 0.400000 0.400000 0.400000
1906.352539 0.000000 1695.926758 0.000000 0.990223 0.000000 -0.139492 0.400000 0.400000 0.400000
1906.333496 0.000000 1710.392700 0.000000 0.979848 0.000000 0.199743 0.400000 0.400000 0.400000
1916.625610 0.000000 1700.010986 0.000000 0.490150 0.000000 0.871638 0.400000 0.400000 0.400000
1871.911377 0.000000 1724.348022 0.000000 0.141974 0.000000 0.989870 0.400000 0.400000 0.400000
1909.673340 0.000000 1701.619141 0.000000 0.200406 0.000000 0.979713 0.400000 0.400000 0.400000
1896.620117 0.000000 1705.842651 0.000000 0.525827 0.000000 0.850592 0.400000 0.400000 0.400000
1906.364624 0.000000 1705.360352 0.000000 0.656605 0.000000 -0.754235 0.400000 0.400000 0.400000
1912.312988 0.000000 1697.425293 0.000000 0.970481 0.000000 0.241178 0.400000 0.400000 0.400000
1913.739990 0.000000 1703.206177 0.000000 0.661952 0.000000 0.749546 0.400000 0.400000 0.400000
1902.111450 0.000000 1711.331177 0.000000 0.935737 0.000000 0.352700 0.400000 0.400000 0.400000
1908.860474 0.000000 1698.299316 0.000000 0.943961 0.000000 -0.330057 0.400000 0.400000 0.400000
1904.620850 0.000000 1707.733643 0.000000 0.094281 0.000000 -0.995546 0.400000 0.400000 0.400000
1903.496216 0.000000 1705.143311 0.000000 0.508265 0.000000 -0.861201 0.400000 0.400000 0.400000
1860.014526 0.000000 1761.626953 0.000000 0.748986 0.000000 -0.662585 0.400000 0.400000 0.400000
1865.396729 0.000000 1763.613892 0.000000 0.636901 0.000000 0.770946 0.400000 0.400000 0.400000
1869.572998 0.000000 1761.265259 0.000000 0.108146 0.000000 -0.994135 0.400000 0.400000 0.400000
1870.296875 0.000000 1754.981201 0.000000 0.535552 0.000000 0.844502 0.400000 0.400000 0.400000
1864.743774 0.000000 1760.446167 0.000000 0.158135 0.000000 0.987417 0.400000 0.400000 0.400000
1870.108398 0.000000 1758.064453 0.000000 0.276111 0.000000 -0.961126 0.400000 0.400000 0.400000
1864.169312 0.000000 1756.048950 0.000000 0.858383 0.000000 0.513009 0.400000 0.400000 0.400000
1867.401978 0.000000 1759.924438 0.000000 0.972531 0.000000 -0.232774 0.400000 0.400000 0.400000
1874.019531 0.000000 1776.014282 0.000000 0.362731 0.000000 0.931894 0.400000 0.400000 0.400000
1880.984619 0.000000 1760.616089 0.000000 0.681595 0.000000 -0.731730 0.400000 0.400000 0.400000
1937.509521 0.000000 1742.841431 0.000000 0.885734 0.000000 -0.464192 0.400000 0.400000 0.400000
1884.590942 0.000000 1770.160400 0.000000 0.961616 0.000000 -0.274400 0.400000 0.400000 0.400000
1872.056030 0.000000 1755.614380 0.000000 0.626883 0.000000 0.779113 0.400000 0.400000 0.400000
1872.599731 0.000000 1766.062622 0.000000 0.816050 0.000000 0.577982 0.400000 0.400000 0.400000
1931.292114 0.000000 1735.841797 0.000000 0.960048 0.000000 0.279834 0.400000 0.400000 0.400000
1877.828003 0.000000 1754.993286 0.000000 0.848826 0.000000 -0.528672 0.400000 0.400000 0.400000
1874.904419 0.000000 1760.861084 0.000000 0.801775 0.000000 -0.597627 0.400000 0.400000 0.400000
1880.984253 0.000000 1766.082520 0.000000 0.630463 0.000000 -0.776219 0.400000 0.400000 0.400000
1941.563721 0.000000 1739.176514 0.000000 0.400513 0.000000 0.916291 0.400000 0.400000 0.400000
1876.765625 0.000000 1764.770386 0.000000 0.654402 0.000000 0.756147 0.400000 0.400000 0.400000
1942.881836 0.000000 1735.390869 0.000000 0.252171 0.000000 0.967683 0.400000 0.400000 0.400000
1935.368042 0.000000 1736.842651 0.000000 0.462049 0.000000 -0.886854 0.400000 0.400000 0.400000
1875.131836 0.000000 1757.346313 0.000000 0.839991 0.000000 0.542600 0.400000 0.400000 0.400000
1871.880859 0.000000 1762.586060 0.000000 0.448347 0.000000 0.893860 0.400000 0.400000 0.400000
1874.566772 0.000000 1768.910278 0.000000 0.544936 0.000000 -0.838477 0.400000 0.400000 0.400000
1941.411133 0.000000 1732.302246 0.000000 0.794526 0.000000 -0.607230 0.400000 0.400000 0.400000
1877.923706 0.000000 1759.244141 0.000000 0.737075 0.000000 -0.675811 0.400000 0.400000 0.400000
1871.852661 0.000000 1759.107788 0.000000 0.057685 0.000000 -0.998335 0.400000 0.400000 0.400000
1880.812866 0.000000 1769.356323 0.000000 0.048732 0.000000 -0.998812 0.400000 0.400000 0.400000
1878.260132 0.000000 1767.429443 0.000000 0.906277 0.000000 -0.422685 0.400000 0.400000 0.400000
1878.467285 0.000000 1762.205444 0.000000 0.960114 0.000000 -0.279609 0.400000 0.400000 0.400000
1874.372803 0.000000 1763.544067 0.000000 0.238407 0.000000 -0.971165 0.400000 0.400000 0.400000
1944.207397 0.000000 1731.330322 0.000000 0.968176 0.000000 -0.250268 0.400000 0.400000 0.400000
1943.816040 0.000000 1735.145020 0.000000 0.466174 0.000000 -0.884693 0.400000 0.400000 0.400000
2226.888672 0.000000 2022.737305 0.000000 0.853577 0.000000 0.520967 0.400000 0.400000 0.400000
2228.874756 0.000000 2038.989990 0.000000 0.689454 0.000000 -0.724330 0.400000 0.400000 0.400000
2229.270264 0.000000 2034.087158 0.000000 0.022410 0.000000 0.999749 0.400000 0.400000 0.400000
2225.131836 0.000000 2035.578491 0.000000 0.716009 0.000000 -0.698091 0.400000 0.400000 0.400000
2250.957275 0.000000 2035.158081 0.000000 0.674608 0.000000 0.738176 0.400000 0.400000 0.400000
2242.642090 0.000000 2027.089355 0.000000 0.999582 0.000000 -0.028914 0.400000 0.400000 0.400000
2241.658936 0.000000 2038.432495 0.000000 0.121772 0.000000 0.992558 0.400000 0.400000 0.400000
2245.097412 0.000000 2032.920410 0.000000 0.481662 0.000000 -0.876357 0.400000 0.400000 0.400000
2248.339355 0.000000 2028.123901 0.000000 0.583278 0.000000 -0.812272 0.400000 0.400000 0.400000
2247.055176 0.000000 2038.944824 0.000000 0.993948 0.000000 -0.109849 0.400000 0.400000 0.400000
2235.448242 0.000000 2022.168457 0.000000 0.589907 0.000000 0.807471 0.400000 0.400000 0.400000
2237.931641 0.000000 2036.176025 0.000000 0.322100 0.000000 0.946705 0.400000 0.400000 0.400000
2238.380859 0.000000 2024.445435 0.000000 0.830901 0.000000 0.556420 0.400000 0.400000 0.400000
2248.807617 0.000000 2032.021362 0.000000 0.986040 0.000000 0.166508 0.400000 0.400000 0.400000
2242.047852 0.000000 2034.911255 0.000000 0.988358 0.000000 0.152147 0.400000 0.400000 0.400000
2231.837891 0.000000 2036.462891 0.000000 0.834983 0.000000 -0.550275 0.400000 0.400000 0.400000
2247.415283 0.000000 2035.346191 0.000000 0.871679 0.000000 0.490076 0.400000 0.400000 0.400000
2242.041016 0.000000 2030.291748 0.000000 0.666577 0.000000 -0.745436 0.400000 0.400000 0.400000
2367.470703 0.000000 2146.447021 0.000000 0.967239 0.000000 -0.253866 0.400000 0.400000 0.400000
2355.099609 0.000000 2146.560791 0.000000 0.110258 0.000000 0.993903 0.400000 0.400000 0.400000
2366.361572 0.000000 2152.517822 0.000000 0.892039 0.000000 -0.451958 0.400000 0.400000 0.400000
2357.335938 0.000000 2150.027100 0.000000 0.811519 0.000000 0.584326 0.400000 0.400000 0.400000
2359.185059 0.000000 2145.549805 0.000000 0.910294 0.000000 0.413962 0.400000 0.400000 0.400000
2357.422119 0.000000 2157.525146 0.000000 0.087048 0.000000 0.996204 0.400000 0.400000 0.400000
2364.916504 0.000000 2149.170410 0.000000 0.611008 0.000000 0.791624 0.400000 0.400000 0.400000
2363.050293 0.000000 2155.140625 0.000000 0.359623 0.000000 -0.933098 0.400000 0.400000 0.400000
2357.244141 0.000000 2161.138428 0.000000 0.886014 0.000000 -0.463659 0.400000 0.400000 0.400000
2363.245117 0.000000 2167.748047 0.000000 0.472232 0.000000 0.881475 0.400000 0.400000 0.400000
2361.372314 0.000000 2163.411621 0.000000 0.571237 0.000000 -0.820785 0.400000 0.400000 0.400000
2369.425293 0.000000 2161.745605 0.000000 0.094538 0.000000 -0.995521 0.400000 0.400000 0.400000
2364.297119 0.000000 2165.504395 0.000000 0.523796 0.000000 0.851844 0.400000 0.400000 0.400000
"}
