object={
	name="tree_pine_01_b_generator_1_0"
	render_pass=Map
	clamp_to_water_level=no
	generated_content=yes
	layer="tree_high_layer"
	pdxmesh="tree_pine_01_b_mesh"
	count=401
	transform="1863.525513 0.000000 1714.540649 0.000000 0.865854 0.000000 0.500297 0.400000 0.400000 0.400000
1851.154297 0.000000 1714.654419 0.000000 0.976663 0.000000 -0.214779 0.400000 0.400000 0.400000
1867.925293 0.000000 1723.953247 0.000000 0.165474 0.000000 -0.986214 0.400000 0.400000 0.400000
1856.462158 0.000000 1723.583984 0.000000 0.962214 0.000000 0.272293 0.400000 0.400000 0.400000
1859.062866 0.000000 1707.751343 0.000000 0.880400 0.000000 -0.474232 0.400000 0.400000 0.400000
1857.377808 0.000000 1717.028564 0.000000 0.745760 0.000000 -0.666215 0.400000 0.400000 0.400000
1850.369995 0.000000 1721.141846 0.000000 0.870207 0.000000 -0.492686 0.400000 0.400000 0.400000
1862.416260 0.000000 1720.611694 0.000000 0.295379 0.000000 0.955380 0.400000 0.400000 0.400000
1866.387695 0.000000 1718.148682 0.000000 0.839201 0.000000 0.543821 0.400000 0.400000 0.400000
1858.877808 0.000000 1712.506104 0.000000 0.381310 0.000000 0.924447 0.400000 0.400000 0.400000
1855.412476 0.000000 1705.710815 0.000000 0.988970 0.000000 -0.148114 0.400000 0.400000 0.400000
1853.390625 0.000000 1718.120850 0.000000 0.999659 0.000000 -0.026113 0.400000 0.400000 0.400000
1857.014771 0.000000 1727.614502 0.000000 0.486440 0.000000 -0.873714 0.400000 0.400000 0.400000
1855.239746 0.000000 1713.643555 0.000000 0.509107 0.000000 -0.860703 0.400000 0.400000 0.400000
1860.971313 0.000000 1717.264282 0.000000 0.963888 0.000000 0.266308 0.400000 0.400000 0.400000
1858.718384 0.000000 1720.685181 0.000000 0.539026 0.000000 -0.842289 0.400000 0.400000 0.400000
1850.761963 0.000000 1711.260498 0.000000 0.549818 0.000000 -0.835284 0.400000 0.400000 0.400000
1853.669800 0.000000 1721.595947 0.000000 0.189007 0.000000 0.981976 0.400000 0.400000 0.400000
1861.408813 0.000000 1710.232544 0.000000 0.286720 0.000000 -0.958014 0.400000 0.400000 0.400000
1850.010742 0.000000 1717.818970 0.000000 0.585646 0.000000 0.810567 0.400000 0.400000 0.400000
1868.681152 0.000000 1720.655151 0.000000 0.998464 0.000000 0.055400 0.400000 0.400000 0.400000
1857.032227 0.000000 1709.922119 0.000000 0.893595 0.000000 0.448874 0.400000 0.400000 0.400000
1855.858398 0.000000 1719.699341 0.000000 0.079558 0.000000 -0.996830 0.400000 0.400000 0.400000
1852.975464 0.000000 1712.412964 0.000000 0.676272 0.000000 -0.736652 0.400000 0.400000 0.400000
1853.460693 0.000000 1715.527344 0.000000 0.970643 0.000000 -0.240523 0.400000 0.400000 0.400000
1878.053589 0.000000 1721.517944 0.000000 0.797166 0.000000 0.603761 0.400000 0.400000 0.400000
1890.293091 0.000000 1706.669922 0.000000 0.083186 0.000000 -0.996534 0.400000 0.400000 0.400000
1902.138062 0.000000 1702.673218 0.000000 0.101453 0.000000 -0.994840 0.400000 0.400000 0.400000
1898.426880 0.000000 1712.359741 0.000000 0.997926 0.000000 0.064369 0.400000 0.400000 0.400000
1873.259155 0.000000 1719.256592 0.000000 0.860233 0.000000 -0.509901 0.400000 0.400000 0.400000
1901.332031 0.000000 1707.825684 0.000000 0.604909 0.000000 0.796294 0.400000 0.400000 0.400000
1897.764893 0.000000 1709.049927 0.000000 0.682651 0.000000 -0.730744 0.400000 0.400000 0.400000
1861.740112 0.000000 1728.471191 0.000000 0.999983 0.000000 0.005824 0.400000 0.400000 0.400000
1866.483521 0.000000 1757.543213 0.000000 0.581989 0.000000 0.813197 0.400000 0.400000 0.400000
1853.298828 0.000000 1729.232178 0.000000 0.764440 0.000000 -0.644695 0.400000 0.400000 0.400000
1862.555054 0.000000 1767.329102 0.000000 0.973415 0.000000 0.229048 0.400000 0.400000 0.400000
1862.375366 0.000000 1758.179565 0.000000 0.650164 0.000000 0.759794 0.400000 0.400000 0.400000
1859.335938 0.000000 1765.665894 0.000000 0.488716 0.000000 0.872443 0.400000 0.400000 0.400000
1933.732300 0.000000 1728.471191 0.000000 0.691640 0.000000 -0.722242 0.400000 0.400000 0.400000
1938.919922 0.000000 1734.799805 0.000000 0.474595 0.000000 -0.880204 0.400000 0.400000 0.400000
1933.330444 0.000000 1740.296997 0.000000 0.415861 0.000000 -0.909428 0.400000 0.400000 0.400000
1934.690430 0.000000 1732.748657 0.000000 0.812763 0.000000 0.582595 0.400000 0.400000 0.400000
1938.150146 0.000000 1739.497559 0.000000 0.996716 0.000000 0.080981 0.400000 0.400000 0.400000
1945.478760 0.000000 1745.464355 0.000000 0.562438 0.000000 0.826840 0.400000 0.400000 0.400000
1946.395630 0.000000 1738.270264 0.000000 0.989941 0.000000 -0.141479 0.400000 0.400000 0.400000
1947.479370 0.000000 1734.230957 0.000000 0.995666 0.000000 0.093005 0.400000 0.400000 0.400000
1943.924316 0.000000 1741.674316 0.000000 0.003946 0.000000 -0.999992 0.400000 0.400000 0.400000
2215.744629 0.000000 2030.730225 0.000000 0.578674 0.000000 0.815559 0.400000 0.400000 0.400000
2222.059326 0.000000 2038.655029 0.000000 0.883839 0.000000 -0.467791 0.400000 0.400000 0.400000
2219.260742 0.000000 2023.779297 0.000000 0.839850 0.000000 0.542819 0.400000 0.400000 0.400000
2220.642822 0.000000 2033.316528 0.000000 0.611987 0.000000 -0.790868 0.400000 0.400000 0.400000
2229.532471 0.000000 2027.114014 0.000000 0.021753 0.000000 0.999763 0.400000 0.400000 0.400000
2221.299072 0.000000 2028.234497 0.000000 0.904659 0.000000 -0.426136 0.400000 0.400000 0.400000
2223.336914 0.000000 2024.780151 0.000000 0.360523 0.000000 0.932750 0.400000 0.400000 0.400000
2217.150879 0.000000 2027.006592 0.000000 0.815280 0.000000 0.579066 0.400000 0.400000 0.400000
2226.118896 0.000000 2027.435059 0.000000 0.263967 0.000000 -0.964532 0.400000 0.400000 0.400000
2218.946533 0.000000 2030.502075 0.000000 0.996177 0.000000 0.087362 0.400000 0.400000 0.400000
2231.743164 0.000000 2040.166382 0.000000 0.755703 0.000000 0.654914 0.400000 0.400000 0.400000
2222.568848 0.000000 2030.966064 0.000000 0.111746 0.000000 0.993737 0.400000 0.400000 0.400000
2230.507568 0.000000 2036.479614 0.000000 0.338394 0.000000 0.941005 0.400000 0.400000 0.400000
2227.956787 0.000000 2029.562256 0.000000 0.735370 0.000000 -0.677666 0.400000 0.400000 0.400000
2226.579590 0.000000 2033.268799 0.000000 0.916591 0.000000 0.399826 0.400000 0.400000 0.400000
2227.859375 0.000000 2036.534790 0.000000 0.660438 0.000000 0.750881 0.400000 0.400000 0.400000
2223.563477 0.000000 2033.455688 0.000000 0.359144 0.000000 0.933282 0.400000 0.400000 0.400000
2223.783203 0.000000 2028.658203 0.000000 0.734099 0.000000 -0.679042 0.400000 0.400000 0.400000
2233.447510 0.000000 2033.401855 0.000000 0.662765 0.000000 -0.748827 0.400000 0.400000 0.400000
2269.770752 0.000000 2039.089355 0.000000 0.774393 0.000000 -0.632705 0.400000 0.400000 0.400000
2232.017090 0.000000 2043.551880 0.000000 0.364193 0.000000 0.931323 0.400000 0.400000 0.400000
2259.899902 0.000000 2040.687134 0.000000 0.954142 0.000000 -0.299355 0.400000 0.400000 0.400000
2264.126953 0.000000 2032.787964 0.000000 0.504246 0.000000 -0.863560 0.400000 0.400000 0.400000
2234.364258 0.000000 2026.207764 0.000000 0.143567 0.000000 0.989641 0.400000 0.400000 0.400000
2257.326172 0.000000 2031.672974 0.000000 0.773959 0.000000 -0.633236 0.400000 0.400000 0.400000
2237.788818 0.000000 2042.930786 0.000000 0.626807 0.000000 -0.779175 0.400000 0.400000 0.400000
2244.325928 0.000000 2043.768555 0.000000 0.250357 0.000000 -0.968154 0.400000 0.400000 0.400000
2239.434814 0.000000 2032.329834 0.000000 0.981353 0.000000 -0.192214 0.400000 0.400000 0.400000
2254.117920 0.000000 2039.727173 0.000000 0.488486 0.000000 0.872572 0.400000 0.400000 0.400000
2234.395508 0.000000 2038.714111 0.000000 0.646191 0.000000 0.763175 0.400000 0.400000 0.400000
2260.203613 0.000000 2035.759766 0.000000 0.521995 0.000000 -0.852948 0.400000 0.400000 0.400000
2252.428955 0.000000 2030.534912 0.000000 0.987678 0.000000 0.156502 0.400000 0.400000 0.400000
2265.086670 0.000000 2037.404297 0.000000 0.021715 0.000000 0.999764 0.400000 0.400000 0.400000
2268.503174 0.000000 2032.892334 0.000000 0.991105 0.000000 -0.133080 0.400000 0.400000 0.400000
2238.493652 0.000000 2028.131958 0.000000 0.216863 0.000000 0.976202 0.400000 0.400000 0.400000
2255.135254 0.000000 2035.637329 0.000000 0.544674 0.000000 0.838648 0.400000 0.400000 0.400000
2231.893066 0.000000 2029.611816 0.000000 0.215297 0.000000 -0.976549 0.400000 0.400000 0.400000
2250.442139 0.000000 2041.461182 0.000000 0.785251 0.000000 0.619177 0.400000 0.400000 0.400000
2257.618896 0.000000 2038.105713 0.000000 0.042830 0.000000 -0.999082 0.400000 0.400000 0.400000
2238.570068 0.000000 2039.683960 0.000000 0.533548 0.000000 0.845770 0.400000 0.400000 0.400000
2245.121338 0.000000 2029.383301 0.000000 0.272619 0.000000 -0.962122 0.400000 0.400000 0.400000
2255.807373 0.000000 2028.642090 0.000000 0.290326 0.000000 0.956928 0.400000 0.400000 0.400000
2256.783447 0.000000 2041.665405 0.000000 0.631098 0.000000 0.775703 0.400000 0.400000 0.400000
2260.787109 0.000000 2031.913574 0.000000 0.871179 0.000000 0.490966 0.400000 0.400000 0.400000
2241.441162 0.000000 2041.785400 0.000000 0.318382 0.000000 0.947963 0.400000 0.400000 0.400000
2244.376709 0.000000 2040.603027 0.000000 0.893623 0.000000 0.448818 0.400000 0.400000 0.400000
2250.929199 0.000000 2038.330444 0.000000 0.140440 0.000000 -0.990089 0.400000 0.400000 0.400000
2244.578613 0.000000 2036.708252 0.000000 0.980800 0.000000 -0.195017 0.400000 0.400000 0.400000
2262.954590 0.000000 2039.660034 0.000000 0.997870 0.000000 -0.065227 0.400000 0.400000 0.400000
2236.519775 0.000000 2033.443970 0.000000 0.779034 0.000000 0.626982 0.400000 0.400000 0.400000
2234.692871 0.000000 2041.776855 0.000000 0.965458 0.000000 -0.260557 0.400000 0.400000 0.400000
2253.355469 0.000000 2033.285645 0.000000 0.993465 0.000000 0.114140 0.400000 0.400000 0.400000
2234.876953 0.000000 2035.968140 0.000000 0.982453 0.000000 -0.186509 0.400000 0.400000 0.400000
2257.770752 0.000000 2034.450562 0.000000 0.729777 0.000000 0.683685 0.400000 0.400000 0.400000
2263.455811 0.000000 2035.339478 0.000000 0.712867 0.000000 0.701299 0.400000 0.400000 0.400000
2253.267090 0.000000 2037.329102 0.000000 0.959056 0.000000 0.283217 0.400000 0.400000 0.400000
2260.692383 0.000000 2038.332275 0.000000 0.991387 0.000000 0.130962 0.400000 0.400000 0.400000
2254.876953 0.000000 2030.938477 0.000000 0.318519 0.000000 -0.947917 0.400000 0.400000 0.400000
2226.444336 0.000000 2117.465088 0.000000 0.071050 0.000000 -0.997473 0.400000 0.400000 0.400000
2227.781006 0.000000 2136.833984 0.000000 0.873163 0.000000 -0.487429 0.400000 0.400000 0.400000
2228.695068 0.000000 2128.218994 0.000000 0.215326 0.000000 -0.976542 0.400000 0.400000 0.400000
2225.357666 0.000000 2123.535645 0.000000 0.823943 0.000000 -0.566673 0.400000 0.400000 0.400000
2229.533936 0.000000 2121.187012 0.000000 0.331268 0.000000 0.943537 0.400000 0.400000 0.400000
2229.865479 0.000000 2132.711670 0.000000 0.853742 0.000000 0.520696 0.400000 0.400000 0.400000
2209.874512 0.000000 2158.160156 0.000000 0.620970 0.000000 0.783835 0.400000 0.400000 0.400000
2229.051758 0.000000 2124.765625 0.000000 0.667227 0.000000 0.744854 0.400000 0.400000 0.400000
2231.653809 0.000000 2128.450928 0.000000 0.982747 0.000000 -0.184955 0.400000 0.400000 0.400000
2233.980469 0.000000 2135.936035 0.000000 0.914502 0.000000 -0.404581 0.400000 0.400000 0.400000
2273.613770 0.000000 2139.205811 0.000000 0.402602 0.000000 0.915375 0.400000 0.400000 0.400000
2277.119873 0.000000 2157.232422 0.000000 0.993246 0.000000 -0.116024 0.400000 0.400000 0.400000
2240.945557 0.000000 2120.537842 0.000000 0.428544 0.000000 -0.903521 0.400000 0.400000 0.400000
2262.099121 0.000000 2134.579346 0.000000 0.758028 0.000000 -0.652222 0.400000 0.400000 0.400000
2283.107422 0.000000 2146.560791 0.000000 0.058002 0.000000 0.998316 0.400000 0.400000 0.400000
2288.415283 0.000000 2155.490234 0.000000 0.989774 0.000000 -0.142645 0.400000 0.400000 0.400000
2232.017090 0.000000 2115.536377 0.000000 0.999950 0.000000 -0.009957 0.400000 0.400000 0.400000
2232.560791 0.000000 2125.984375 0.000000 0.198185 0.000000 0.980165 0.400000 0.400000 0.400000
2258.387939 0.000000 2144.265869 0.000000 0.676728 0.000000 0.736233 0.400000 0.400000 0.400000
2266.294434 0.000000 2142.299072 0.000000 0.032873 0.000000 0.999460 0.400000 0.400000 0.400000
2275.579346 0.000000 2146.485596 0.000000 0.375535 0.000000 0.926808 0.400000 0.400000 0.400000
2237.666992 0.000000 2130.334473 0.000000 0.806543 0.000000 0.591175 0.400000 0.400000 0.400000
2282.323242 0.000000 2153.048096 0.000000 0.888573 0.000000 -0.458734 0.400000 0.400000 0.400000
2256.581055 0.000000 2137.749023 0.000000 0.631197 0.000000 0.775623 0.400000 0.400000 0.400000
2234.865479 0.000000 2120.782959 0.000000 0.856686 0.000000 -0.515837 0.400000 0.400000 0.400000
2274.489746 0.000000 2152.152100 0.000000 0.317461 0.000000 -0.948271 0.400000 0.400000 0.400000
2231.795898 0.000000 2131.199463 0.000000 0.800365 0.000000 -0.599512 0.400000 0.400000 0.400000
2261.292969 0.000000 2139.731934 0.000000 0.998687 0.000000 0.051228 0.400000 0.400000 0.400000
2266.325439 0.000000 2137.266602 0.000000 0.996700 0.000000 0.081174 0.400000 0.400000 0.400000
2264.010254 0.000000 2146.509277 0.000000 0.738516 0.000000 0.674236 0.400000 0.400000 0.400000
2278.662842 0.000000 2150.053711 0.000000 0.168233 0.000000 -0.985747 0.400000 0.400000 0.400000
2281.866699 0.000000 2158.160156 0.000000 0.389260 0.000000 -0.921128 0.400000 0.400000 0.400000
2236.726562 0.000000 2124.692383 0.000000 0.533933 0.000000 0.845527 0.400000 0.400000 0.400000
2231.990967 0.000000 2139.788086 0.000000 0.832878 0.000000 0.553457 0.400000 0.400000 0.400000
2285.343750 0.000000 2150.027100 0.000000 0.003425 0.000000 -0.999994 0.400000 0.400000 0.400000
2237.685059 0.000000 2134.431641 0.000000 0.945183 0.000000 0.326542 0.400000 0.400000 0.400000
2262.072266 0.000000 2143.237305 0.000000 0.998863 0.000000 -0.047667 0.400000 0.400000 0.400000
2278.155273 0.000000 2153.848145 0.000000 0.050854 0.000000 0.998706 0.400000 0.400000 0.400000
2231.841797 0.000000 2122.507812 0.000000 0.272900 0.000000 0.962042 0.400000 0.400000 0.400000
2234.527832 0.000000 2128.832275 0.000000 0.963524 0.000000 -0.267621 0.400000 0.400000 0.400000
2234.916992 0.000000 2132.483154 0.000000 0.967930 0.000000 0.251220 0.400000 0.400000 0.400000
2285.623047 0.000000 2153.502197 0.000000 0.327468 0.000000 0.944862 0.400000 0.400000 0.400000
2231.813721 0.000000 2119.029541 0.000000 0.716808 0.000000 -0.697270 0.400000 0.400000 0.400000
2264.581787 0.000000 2139.639893 0.000000 0.419420 0.000000 -0.907792 0.400000 0.400000 0.400000
2280.483154 0.000000 2155.597168 0.000000 0.690944 0.000000 -0.722908 0.400000 0.400000 0.400000
2231.992432 0.000000 2133.981201 0.000000 0.939411 0.000000 -0.342792 0.400000 0.400000 0.400000
2214.078857 0.000000 2184.218506 0.000000 0.732193 0.000000 -0.681097 0.400000 0.400000 0.400000
2221.700928 0.000000 2160.377441 0.000000 0.567605 0.000000 -0.823301 0.400000 0.400000 0.400000
2208.124268 0.000000 2168.471924 0.000000 0.710065 0.000000 0.704136 0.400000 0.400000 0.400000
2197.778564 0.000000 2183.058105 0.000000 0.296196 0.000000 0.955127 0.400000 0.400000 0.400000
2215.744629 0.000000 2174.698975 0.000000 0.528971 0.000000 -0.848640 0.400000 0.400000 0.400000
2206.500244 0.000000 2177.995850 0.000000 0.913765 0.000000 0.406243 0.400000 0.400000 0.400000
2204.684570 0.000000 2188.313965 0.000000 0.932960 0.000000 0.359980 0.400000 0.400000 0.400000
2213.259766 0.000000 2161.138428 0.000000 0.408778 0.000000 0.912634 0.400000 0.400000 0.400000
2219.260742 0.000000 2167.748047 0.000000 0.821291 0.000000 0.570509 0.400000 0.400000 0.400000
2206.380127 0.000000 2161.861816 0.000000 0.319295 0.000000 0.947655 0.400000 0.400000 0.400000
2208.374268 0.000000 2184.034424 0.000000 0.652328 0.000000 0.757936 0.400000 0.400000 0.400000
2213.600586 0.000000 2169.515381 0.000000 0.402149 0.000000 0.915574 0.400000 0.400000 0.400000
2200.590820 0.000000 2178.150879 0.000000 0.966260 0.000000 0.257568 0.400000 0.400000 0.400000
2212.160400 0.000000 2179.029297 0.000000 0.674606 0.000000 0.738178 0.400000 0.400000 0.400000
2209.978760 0.000000 2173.772949 0.000000 0.970791 0.000000 -0.239928 0.400000 0.400000 0.400000
2203.062988 0.000000 2182.789795 0.000000 0.764271 0.000000 -0.644895 0.400000 0.400000 0.400000
2217.387939 0.000000 2163.411621 0.000000 0.010212 0.000000 -0.999948 0.400000 0.400000 0.400000
2210.979980 0.000000 2165.073486 0.000000 0.605618 0.000000 -0.795756 0.400000 0.400000 0.400000
2214.954834 0.000000 2166.002686 0.000000 0.227923 0.000000 -0.973679 0.400000 0.400000 0.400000
2208.938965 0.000000 2180.543701 0.000000 0.979583 0.000000 -0.201041 0.400000 0.400000 0.400000
2211.342773 0.000000 2182.660645 0.000000 0.945653 0.000000 -0.325177 0.400000 0.400000 0.400000
2206.090576 0.000000 2181.967041 0.000000 0.738807 0.000000 -0.673917 0.400000 0.400000 0.400000
2285.251953 0.000000 2161.138428 0.000000 0.918210 0.000000 0.396094 0.400000 0.400000 0.400000
2278.372314 0.000000 2161.861816 0.000000 0.637750 0.000000 0.770243 0.400000 0.400000 0.400000
2281.613525 0.000000 2159.703857 0.000000 0.308991 0.000000 -0.951065 0.400000 0.400000 0.400000
2349.112061 0.000000 2157.232422 0.000000 0.033727 0.000000 -0.999431 0.400000 0.400000 0.400000
2338.979492 0.000000 2150.474121 0.000000 0.995516 0.000000 -0.094598 0.400000 0.400000 0.400000
2360.407471 0.000000 2155.490234 0.000000 0.684229 0.000000 0.729267 0.400000 0.400000 0.400000
2355.375732 0.000000 2136.261475 0.000000 0.677100 0.000000 -0.735891 0.400000 0.400000 0.400000
2354.315430 0.000000 2153.048096 0.000000 0.996280 0.000000 0.086180 0.400000 0.400000 0.400000
2342.282471 0.000000 2156.346436 0.000000 0.999897 0.000000 0.014335 0.400000 0.400000 0.400000
2351.685059 0.000000 2141.362549 0.000000 0.867394 0.000000 0.497622 0.400000 0.400000 0.400000
2358.023438 0.000000 2141.772217 0.000000 0.404291 0.000000 -0.914630 0.400000 0.400000 0.400000
2342.488037 0.000000 2146.042725 0.000000 0.462132 0.000000 -0.886811 0.400000 0.400000 0.400000
2350.279053 0.000000 2136.512451 0.000000 0.347406 0.000000 0.937715 0.400000 0.400000 0.400000
2370.333008 0.000000 2150.054932 0.000000 0.150628 0.000000 0.988591 0.400000 0.400000 0.400000
2362.822998 0.000000 2144.412354 0.000000 0.761857 0.000000 -0.647745 0.400000 0.400000 0.400000
2350.655029 0.000000 2150.053711 0.000000 0.931696 0.000000 -0.363239 0.400000 0.400000 0.400000
2353.858887 0.000000 2158.160156 0.000000 0.460774 0.000000 -0.887518 0.400000 0.400000 0.400000
2364.488281 0.000000 2157.373291 0.000000 0.028414 0.000000 0.999596 0.400000 0.400000 0.400000
2353.027344 0.000000 2132.636719 0.000000 0.999499 0.000000 -0.031644 0.400000 0.400000 0.400000
2336.049072 0.000000 2153.583008 0.000000 0.921221 0.000000 -0.389039 0.400000 0.400000 0.400000
2341.713623 0.000000 2140.370605 0.000000 0.215180 0.000000 -0.976574 0.400000 0.400000 0.400000
2360.960205 0.000000 2159.520752 0.000000 0.946949 0.000000 0.321384 0.400000 0.400000 0.400000
2347.884033 0.000000 2142.333496 0.000000 0.735603 0.000000 -0.677412 0.400000 0.400000 0.400000
2368.460205 0.000000 2157.675049 0.000000 0.966919 0.000000 0.255082 0.400000 0.400000 0.400000
2351.402588 0.000000 2145.513672 0.000000 0.145659 0.000000 -0.989335 0.400000 0.400000 0.400000
2350.147461 0.000000 2153.848145 0.000000 0.268164 0.000000 -0.963373 0.400000 0.400000 0.400000
2344.421631 0.000000 2142.644531 0.000000 0.245375 0.000000 -0.969428 0.400000 0.400000 0.400000
2354.810791 0.000000 2139.741699 0.000000 0.912712 0.000000 -0.408604 0.400000 0.400000 0.400000
2338.467773 0.000000 2156.140137 0.000000 0.247486 0.000000 0.968891 0.400000 0.400000 0.400000
2342.846191 0.000000 2137.080811 0.000000 0.307412 0.000000 -0.951576 0.400000 0.400000 0.400000
2345.750488 0.000000 2156.657715 0.000000 0.451585 0.000000 0.892228 0.400000 0.400000 0.400000
2374.574463 0.000000 2158.035645 0.000000 0.350156 0.000000 0.936691 0.400000 0.400000 0.400000
2354.707275 0.000000 2143.166748 0.000000 0.546920 0.000000 0.837185 0.400000 0.400000 0.400000
2341.032227 0.000000 2153.255859 0.000000 0.962226 0.000000 -0.272251 0.400000 0.400000 0.400000
2357.615234 0.000000 2153.502197 0.000000 0.940289 0.000000 -0.340378 0.400000 0.400000 0.400000
2365.354248 0.000000 2142.138916 0.000000 0.964212 0.000000 0.265132 0.400000 0.400000 0.400000
2369.624512 0.000000 2153.280273 0.000000 0.380136 0.000000 -0.924931 0.400000 0.400000 0.400000
2353.956055 0.000000 2149.725342 0.000000 0.183805 0.000000 -0.982963 0.400000 0.400000 0.400000
2349.097656 0.000000 2139.425537 0.000000 0.339271 0.000000 0.940689 0.400000 0.400000 0.400000
2344.225342 0.000000 2154.145752 0.000000 0.739244 0.000000 -0.673438 0.400000 0.400000 0.400000
2366.739014 0.000000 2155.387451 0.000000 0.533331 0.000000 -0.845907 0.400000 0.400000 0.400000
2359.803711 0.000000 2151.605469 0.000000 0.920169 0.000000 -0.391523 0.400000 0.400000 0.400000
2352.550537 0.000000 2138.121094 0.000000 0.833227 0.000000 0.552931 0.400000 0.400000 0.400000
2347.583252 0.000000 2154.732422 0.000000 0.163918 0.000000 -0.986474 0.400000 0.400000 0.400000
2381.998779 0.000000 2153.424072 0.000000 0.935584 0.000000 -0.353104 0.400000 0.400000 0.400000
2394.238281 0.000000 2138.576172 0.000000 0.976969 0.000000 0.213381 0.400000 0.400000 0.400000
2376.305420 0.000000 2145.054688 0.000000 0.997382 0.000000 0.072318 0.400000 0.400000 0.400000
2385.031250 0.000000 2136.477295 0.000000 0.032863 0.000000 -0.999460 0.400000 0.400000 0.400000
2375.856689 0.000000 2156.254395 0.000000 0.438249 0.000000 0.898854 0.400000 0.400000 0.400000
2382.016602 0.000000 2159.479248 0.000000 0.478482 0.000000 -0.878097 0.400000 0.400000 0.400000
2381.267334 0.000000 2147.646973 0.000000 0.971337 0.000000 -0.237707 0.400000 0.400000 0.400000
2380.531738 0.000000 2140.829590 0.000000 0.926042 0.000000 0.377420 0.400000 0.400000 0.400000
2391.473877 0.000000 2143.415283 0.000000 0.996468 0.000000 0.083974 0.400000 0.400000 0.400000
2377.204590 0.000000 2151.162842 0.000000 0.962457 0.000000 -0.271432 0.400000 0.400000 0.400000
2386.160645 0.000000 2149.228516 0.000000 0.992235 0.000000 0.124381 0.400000 0.400000 0.400000
2389.813965 0.000000 2147.049316 0.000000 0.799577 0.000000 0.600564 0.400000 0.400000 0.400000
2379.662354 0.000000 2156.513428 0.000000 0.533487 0.000000 -0.845808 0.400000 0.400000 0.400000
2385.761230 0.000000 2153.526123 0.000000 0.253370 0.000000 -0.967369 0.400000 0.400000 0.400000
2384.272949 0.000000 2140.027832 0.000000 0.736057 0.000000 -0.676920 0.400000 0.400000 0.400000
2383.901855 0.000000 2156.507324 0.000000 0.820172 0.000000 0.572117 0.400000 0.400000 0.400000
2381.827148 0.000000 2144.128418 0.000000 0.238004 0.000000 0.971264 0.400000 0.400000 0.400000
2388.281250 0.000000 2142.111084 0.000000 0.961143 0.000000 -0.276050 0.400000 0.400000 0.400000
2377.580566 0.000000 2147.983154 0.000000 0.986816 0.000000 -0.161847 0.400000 0.400000 0.400000
2383.083740 0.000000 2150.413818 0.000000 0.274871 0.000000 -0.961481 0.400000 0.400000 0.400000
2384.225342 0.000000 2146.732910 0.000000 0.999510 0.000000 0.031306 0.400000 0.400000 0.400000
2380.068359 0.000000 2150.416016 0.000000 0.940367 0.000000 -0.340162 0.400000 0.400000 0.400000
2379.079590 0.000000 2145.189941 0.000000 0.374818 0.000000 0.927098 0.400000 0.400000 0.400000
2511.455078 0.000000 2074.462646 0.000000 0.156941 0.000000 -0.987608 0.400000 0.400000 0.400000
2499.083984 0.000000 2074.576416 0.000000 0.168405 0.000000 0.985718 0.400000 0.400000 0.400000
2515.854980 0.000000 2083.875244 0.000000 0.890140 0.000000 0.455687 0.400000 0.400000 0.400000
2504.391846 0.000000 2083.505859 0.000000 0.958247 0.000000 0.285942 0.400000 0.400000 0.400000
2505.307373 0.000000 2076.950439 0.000000 0.999963 0.000000 -0.008582 0.400000 0.400000 0.400000
2498.299805 0.000000 2081.063721 0.000000 0.861522 0.000000 -0.507720 0.400000 0.400000 0.400000
2510.345947 0.000000 2080.533447 0.000000 0.482458 0.000000 0.875919 0.400000 0.400000 0.400000
2490.466309 0.000000 2080.167725 0.000000 0.053332 0.000000 0.998577 0.400000 0.400000 0.400000
2494.639404 0.000000 2078.069336 0.000000 0.237628 0.000000 0.971356 0.400000 0.400000 0.400000
2508.472656 0.000000 2085.388916 0.000000 0.243153 0.000000 0.969988 0.400000 0.400000 0.400000
2480.033447 0.000000 2081.598633 0.000000 0.552077 0.000000 0.833793 0.400000 0.400000 0.400000
2501.320312 0.000000 2078.042725 0.000000 0.450146 0.000000 -0.892955 0.400000 0.400000 0.400000
2504.944580 0.000000 2087.536377 0.000000 0.650028 0.000000 -0.759910 0.400000 0.400000 0.400000
2512.444580 0.000000 2085.690674 0.000000 0.991922 0.000000 0.126852 0.400000 0.400000 0.400000
2501.406494 0.000000 2085.540771 0.000000 0.966912 0.000000 0.255109 0.400000 0.400000 0.400000
2494.131836 0.000000 2081.863770 0.000000 0.796145 0.000000 0.605106 0.400000 0.400000 0.400000
2506.648193 0.000000 2080.606934 0.000000 0.568619 0.000000 -0.822601 0.400000 0.400000 0.400000
2489.734863 0.000000 2084.673340 0.000000 0.732398 0.000000 -0.680877 0.400000 0.400000 0.400000
2518.558838 0.000000 2086.051270 0.000000 0.056023 0.000000 0.998429 0.400000 0.400000 0.400000
2485.016602 0.000000 2081.271484 0.000000 0.980081 0.000000 -0.198599 0.400000 0.400000 0.400000
2501.599609 0.000000 2081.517822 0.000000 0.941737 0.000000 -0.336352 0.400000 0.400000 0.400000
2496.459717 0.000000 2083.612793 0.000000 0.207795 0.000000 -0.978172 0.400000 0.400000 0.400000
2488.209717 0.000000 2082.161377 0.000000 0.901186 0.000000 -0.433433 0.400000 0.400000 0.400000
2515.007568 0.000000 2086.625488 0.000000 0.794840 0.000000 -0.606819 0.400000 0.400000 0.400000
2499.371826 0.000000 2083.634521 0.000000 0.696337 0.000000 0.717715 0.400000 0.400000 0.400000
2494.899658 0.000000 2087.487549 0.000000 0.999958 0.000000 -0.009193 0.400000 0.400000 0.400000
2491.567627 0.000000 2082.748047 0.000000 0.973730 0.000000 0.227708 0.400000 0.400000 0.400000
2487.619141 0.000000 2086.716797 0.000000 0.087681 0.000000 -0.996149 0.400000 0.400000 0.400000
2543.313477 0.000000 2081.991455 0.000000 0.933051 0.000000 -0.359743 0.400000 0.400000 0.400000
2519.841064 0.000000 2084.270020 0.000000 0.954253 0.000000 -0.299002 0.400000 0.400000 0.400000
2538.145508 0.000000 2085.473877 0.000000 0.769443 0.000000 0.638716 0.400000 0.400000 0.400000
2545.020508 0.000000 2086.110352 0.000000 0.893518 0.000000 -0.449027 0.400000 0.400000 0.400000
2502.047607 0.000000 2112.234131 0.000000 0.973957 0.000000 -0.226735 0.400000 0.400000 0.400000
2479.647217 0.000000 2096.170410 0.000000 0.777769 0.000000 -0.628551 0.400000 0.400000 0.400000
2509.669678 0.000000 2088.393066 0.000000 0.632227 0.000000 0.774783 0.400000 0.400000 0.400000
2503.713379 0.000000 2102.714600 0.000000 0.747792 0.000000 -0.663933 0.400000 0.400000 0.400000
2487.697510 0.000000 2100.085693 0.000000 0.157049 0.000000 0.987591 0.400000 0.400000 0.400000
2514.857422 0.000000 2094.721680 0.000000 0.081417 0.000000 -0.996680 0.400000 0.400000 0.400000
2507.229492 0.000000 2095.763672 0.000000 0.508570 0.000000 -0.861020 0.400000 0.400000 0.400000
2516.843506 0.000000 2110.974365 0.000000 0.924609 0.000000 0.380917 0.400000 0.400000 0.400000
2494.348877 0.000000 2089.877441 0.000000 0.784403 0.000000 -0.620251 0.400000 0.400000 0.400000
2517.088379 0.000000 2088.454102 0.000000 0.883496 0.000000 -0.468440 0.400000 0.400000 0.400000
2501.569336 0.000000 2097.531006 0.000000 0.875630 0.000000 0.482982 0.400000 0.400000 0.400000
2497.947510 0.000000 2101.788574 0.000000 0.827558 0.000000 0.561380 0.400000 0.400000 0.400000
2508.611572 0.000000 2105.300781 0.000000 0.501524 0.000000 -0.865144 0.400000 0.400000 0.400000
2517.501221 0.000000 2099.098389 0.000000 0.487327 0.000000 0.873219 0.400000 0.400000 0.400000
2492.998779 0.000000 2101.086914 0.000000 0.957308 0.000000 -0.289071 0.400000 0.400000 0.400000
2482.696289 0.000000 2100.386475 0.000000 0.724195 0.000000 0.689595 0.400000 0.400000 0.400000
2517.239014 0.000000 2106.071533 0.000000 0.792713 0.000000 0.609595 0.400000 0.400000 0.400000
2509.267822 0.000000 2100.218994 0.000000 0.806221 0.000000 -0.591614 0.400000 0.400000 0.400000
2505.170654 0.000000 2108.618652 0.000000 0.809021 0.000000 0.587780 0.400000 0.400000 0.400000
2505.356689 0.000000 2091.427246 0.000000 0.433165 0.000000 -0.901314 0.400000 0.400000 0.400000
2498.948730 0.000000 2093.089111 0.000000 0.549093 0.000000 -0.835761 0.400000 0.400000 0.400000
2476.374756 0.000000 2089.417725 0.000000 0.304950 0.000000 -0.952368 0.400000 0.400000 0.400000
2510.627930 0.000000 2092.670654 0.000000 0.109513 0.000000 -0.993985 0.400000 0.400000 0.400000
2518.819336 0.000000 2095.312744 0.000000 0.999829 0.000000 -0.018490 0.400000 0.400000 0.400000
2511.305664 0.000000 2096.764404 0.000000 0.746785 0.000000 -0.665066 0.400000 0.400000 0.400000
2513.409668 0.000000 2089.761230 0.000000 0.998767 0.000000 -0.049639 0.400000 0.400000 0.400000
2505.119629 0.000000 2098.990967 0.000000 0.946587 0.000000 -0.322448 0.400000 0.400000 0.400000
2478.138672 0.000000 2092.662842 0.000000 0.163512 0.000000 0.986541 0.400000 0.400000 0.400000
2493.486816 0.000000 2093.498047 0.000000 0.804268 0.000000 0.594267 0.400000 0.400000 0.400000
2502.923584 0.000000 2094.018311 0.000000 0.919833 0.000000 -0.392310 0.400000 0.400000 0.400000
2518.448975 0.000000 2102.612305 0.000000 0.988902 0.000000 0.148569 0.400000 0.400000 0.400000
2506.168213 0.000000 2088.038086 0.000000 0.977957 0.000000 -0.208805 0.400000 0.400000 0.400000
2517.348633 0.000000 2092.224121 0.000000 0.193460 0.000000 0.981108 0.400000 0.400000 0.400000
2514.087646 0.000000 2099.419434 0.000000 0.281234 0.000000 -0.959639 0.400000 0.400000 0.400000
2506.915283 0.000000 2102.486572 0.000000 0.638459 0.000000 -0.769655 0.400000 0.400000 0.400000
2483.173584 0.000000 2097.213623 0.000000 0.252568 0.000000 0.967579 0.400000 0.400000 0.400000
2497.170166 0.000000 2090.596436 0.000000 0.189147 0.000000 -0.981949 0.400000 0.400000 0.400000
2510.537598 0.000000 2102.950439 0.000000 0.789239 0.000000 -0.614086 0.400000 0.400000 0.400000
2508.172119 0.000000 2090.970215 0.000000 0.931806 0.000000 -0.362957 0.400000 0.400000 0.400000
2515.925537 0.000000 2101.546631 0.000000 0.925994 0.000000 -0.377539 0.400000 0.400000 0.400000
2504.151611 0.000000 2096.468262 0.000000 0.776022 0.000000 0.630705 0.400000 0.400000 0.400000
2513.460693 0.000000 2092.381348 0.000000 0.775430 0.000000 -0.631433 0.400000 0.400000 0.400000
2511.532227 0.000000 2105.440186 0.000000 0.835655 0.000000 -0.549254 0.400000 0.400000 0.400000
2515.652588 0.000000 2097.210693 0.000000 0.723647 0.000000 -0.690171 0.400000 0.400000 0.400000
2501.399902 0.000000 2091.940674 0.000000 0.391307 0.000000 -0.920260 0.400000 0.400000 0.400000
2511.751953 0.000000 2100.642578 0.000000 0.984148 0.000000 0.177349 0.400000 0.400000 0.400000
2508.859863 0.000000 2097.697510 0.000000 0.644017 0.000000 -0.765011 0.400000 0.400000 0.400000
2503.634033 0.000000 2088.289062 0.000000 0.338929 0.000000 -0.940812 0.400000 0.400000 0.400000
2496.325439 0.000000 2093.071045 0.000000 1.000000 0.000000 -0.000608 0.400000 0.400000 0.400000
2508.281494 0.000000 2093.520020 0.000000 0.648383 0.000000 -0.761314 0.400000 0.400000 0.400000
2512.250000 0.000000 2087.626221 0.000000 0.636551 0.000000 0.771234 0.400000 0.400000 0.400000
2521.416260 0.000000 2105.386230 0.000000 0.376535 0.000000 0.926402 0.400000 0.400000 0.400000
2551.639404 0.000000 2096.170410 0.000000 0.668286 0.000000 0.743905 0.400000 0.400000 0.400000
2532.530518 0.000000 2088.432617 0.000000 0.468959 0.000000 0.883220 0.400000 0.400000 0.400000
2538.926025 0.000000 2107.142578 0.000000 0.283415 0.000000 -0.958997 0.400000 0.400000 0.400000
2530.610840 0.000000 2099.073730 0.000000 0.916291 0.000000 -0.400512 0.400000 0.400000 0.400000
2529.627686 0.000000 2110.416992 0.000000 0.660389 0.000000 -0.750924 0.400000 0.400000 0.400000
2522.333008 0.000000 2098.192139 0.000000 0.252320 0.000000 0.967644 0.400000 0.400000 0.400000
2527.363037 0.000000 2092.820801 0.000000 0.807868 0.000000 -0.589364 0.400000 0.400000 0.400000
2546.143066 0.000000 2093.513184 0.000000 0.214179 0.000000 0.976794 0.400000 0.400000 0.400000
2525.757568 0.000000 2114.915039 0.000000 0.999924 0.000000 0.012303 0.400000 0.400000 0.400000
2536.308105 0.000000 2100.108398 0.000000 0.672174 0.000000 -0.740394 0.400000 0.400000 0.400000
2527.403564 0.000000 2104.314209 0.000000 0.508583 0.000000 -0.861013 0.400000 0.400000 0.400000
2547.051758 0.000000 2098.711670 0.000000 0.851291 0.000000 -0.524693 0.400000 0.400000 0.400000
2540.397705 0.000000 2102.519287 0.000000 0.495192 0.000000 0.868784 0.400000 0.400000 0.400000
2539.447266 0.000000 2087.553711 0.000000 0.960841 0.000000 0.277100 0.400000 0.400000 0.400000
2526.462402 0.000000 2100.116455 0.000000 0.078442 0.000000 -0.996919 0.400000 0.400000 0.400000
2537.773438 0.000000 2096.047852 0.000000 0.610284 0.000000 0.792183 0.400000 0.400000 0.400000
2523.416992 0.000000 2094.152832 0.000000 0.636889 0.000000 0.770956 0.400000 0.400000 0.400000
2525.900391 0.000000 2108.160400 0.000000 0.881269 0.000000 0.472615 0.400000 0.400000 0.400000
2519.861816 0.000000 2101.596191 0.000000 0.958900 0.000000 -0.283743 0.400000 0.400000 0.400000
2528.820312 0.000000 2089.052490 0.000000 0.428658 0.000000 -0.903467 0.400000 0.400000 0.400000
2519.753662 0.000000 2095.066895 0.000000 0.790735 0.000000 0.612158 0.400000 0.400000 0.400000
2526.349609 0.000000 2096.429688 0.000000 0.896819 0.000000 -0.442397 0.400000 0.400000 0.400000
2523.489990 0.000000 2102.243164 0.000000 0.341494 0.000000 0.939884 0.400000 0.400000 0.400000
2520.324219 0.000000 2087.715820 0.000000 0.628276 0.000000 -0.777991 0.400000 0.400000 0.400000
2530.099365 0.000000 2095.309814 0.000000 0.702068 0.000000 -0.712110 0.400000 0.400000 0.400000
2530.016602 0.000000 2106.895508 0.000000 0.080461 0.000000 -0.996758 0.400000 0.400000 0.400000
2533.772705 0.000000 2097.523438 0.000000 0.989310 0.000000 0.145825 0.400000 0.400000 0.400000
2526.538818 0.000000 2111.668213 0.000000 0.799678 0.000000 0.600430 0.400000 0.400000 0.400000
2533.090088 0.000000 2101.367676 0.000000 0.994046 0.000000 0.108957 0.400000 0.400000 0.400000
2535.384033 0.000000 2107.330566 0.000000 0.262008 0.000000 -0.965066 0.400000 0.400000 0.400000
2540.809326 0.000000 2094.345703 0.000000 0.894795 0.000000 -0.446478 0.400000 0.400000 0.400000
2530.009766 0.000000 2102.276123 0.000000 0.652831 0.000000 -0.757503 0.400000 0.400000 0.400000
2524.488525 0.000000 2105.428467 0.000000 0.850939 0.000000 -0.525265 0.400000 0.400000 0.400000
2522.845703 0.000000 2107.952637 0.000000 0.995741 0.000000 0.092194 0.400000 0.400000 0.400000
2519.807129 0.000000 2097.952148 0.000000 0.981244 0.000000 -0.192770 0.400000 0.400000 0.400000
2365.685303 0.000000 2160.377441 0.000000 0.626737 0.000000 0.779231 0.400000 0.400000 0.400000
2352.108643 0.000000 2168.471924 0.000000 0.992398 0.000000 -0.123069 0.400000 0.400000 0.400000
2369.462646 0.000000 2174.747803 0.000000 0.985860 0.000000 0.167569 0.400000 0.400000 0.400000
2359.729004 0.000000 2174.698975 0.000000 0.779517 0.000000 -0.626381 0.400000 0.400000 0.400000
2350.484619 0.000000 2177.995850 0.000000 0.969376 0.000000 -0.245583 0.400000 0.400000 0.400000
2370.873047 0.000000 2166.706055 0.000000 0.535012 0.000000 -0.844844 0.400000 0.400000 0.400000
2350.364502 0.000000 2161.861816 0.000000 0.930698 0.000000 -0.365788 0.400000 0.400000 0.400000
2373.104004 0.000000 2160.438477 0.000000 0.334254 0.000000 -0.942483 0.400000 0.400000 0.400000
2357.584961 0.000000 2169.515381 0.000000 0.967648 0.000000 0.252304 0.400000 0.400000 0.400000
2356.144775 0.000000 2179.029297 0.000000 0.707497 0.000000 0.706717 0.400000 0.400000 0.400000
2353.963135 0.000000 2173.772949 0.000000 0.949412 0.000000 0.314032 0.400000 0.400000 0.400000
2349.014404 0.000000 2173.071289 0.000000 0.921073 0.000000 0.389389 0.400000 0.400000 0.400000
2365.283447 0.000000 2172.203369 0.000000 0.906437 0.000000 0.422342 0.400000 0.400000 0.400000
2354.964355 0.000000 2165.073486 0.000000 0.902436 0.000000 -0.430825 0.400000 0.400000 0.400000
2366.643555 0.000000 2164.655029 0.000000 0.861534 0.000000 0.507700 0.400000 0.400000 0.400000
2374.834961 0.000000 2167.297119 0.000000 0.874549 0.000000 0.484938 0.400000 0.400000 0.400000
2367.321289 0.000000 2168.748779 0.000000 0.434388 0.000000 0.900726 0.400000 0.400000 0.400000
2361.135254 0.000000 2170.975342 0.000000 0.990832 0.000000 0.135099 0.400000 0.400000 0.400000
2353.605713 0.000000 2159.703857 0.000000 0.999358 0.000000 0.035834 0.400000 0.400000 0.400000
2349.502441 0.000000 2165.482422 0.000000 0.551458 0.000000 0.834202 0.400000 0.400000 0.400000
2358.939209 0.000000 2166.002686 0.000000 0.095553 0.000000 -0.995424 0.400000 0.400000 0.400000
2362.183838 0.000000 2160.022461 0.000000 0.930953 0.000000 0.365140 0.400000 0.400000 0.400000
2373.364258 0.000000 2164.208496 0.000000 0.789606 0.000000 0.613615 0.400000 0.400000 0.400000
2357.154297 0.000000 2172.778564 0.000000 0.808950 0.000000 0.587877 0.400000 0.400000 0.400000
2354.527832 0.000000 2170.626221 0.000000 0.672433 0.000000 0.740158 0.400000 0.400000 0.400000
2359.557373 0.000000 2177.866699 0.000000 0.691952 0.000000 -0.721943 0.400000 0.400000 0.400000
2353.519531 0.000000 2177.009033 0.000000 0.613514 0.000000 -0.789684 0.400000 0.400000 0.400000
2356.725586 0.000000 2175.996094 0.000000 0.247893 0.000000 0.968787 0.400000 0.400000 0.400000
2348.109131 0.000000 2159.592285 0.000000 0.992557 0.000000 0.121784 0.400000 0.400000 0.400000
2353.185791 0.000000 2162.580811 0.000000 0.987555 0.000000 -0.157276 0.400000 0.400000 0.400000
2351.295898 0.000000 2174.966553 0.000000 0.307537 0.000000 -0.951536 0.400000 0.400000 0.400000
2364.187744 0.000000 2162.954590 0.000000 0.971516 0.000000 -0.236974 0.400000 0.400000 0.400000
2355.055420 0.000000 2167.880127 0.000000 0.354772 0.000000 -0.934953 0.400000 0.400000 0.400000
2360.167236 0.000000 2168.452637 0.000000 0.143584 0.000000 0.989638 0.400000 0.400000 0.400000
2357.415527 0.000000 2163.925049 0.000000 0.350478 0.000000 -0.936571 0.400000 0.400000 0.400000
2352.341064 0.000000 2165.055420 0.000000 0.833790 0.000000 -0.552082 0.400000 0.400000 0.400000
2377.431885 0.000000 2177.370605 0.000000 0.194374 0.000000 -0.980927 0.400000 0.400000 0.400000
2378.348633 0.000000 2170.176514 0.000000 0.586925 0.000000 -0.809641 0.400000 0.400000 0.400000
2383.378662 0.000000 2164.805176 0.000000 0.879394 0.000000 0.476096 0.400000 0.400000 0.400000
2379.432617 0.000000 2166.137207 0.000000 0.995836 0.000000 0.091159 0.400000 0.400000 0.400000
2375.877441 0.000000 2173.580566 0.000000 0.276614 0.000000 -0.960981 0.400000 0.400000 0.400000
2375.769287 0.000000 2167.051270 0.000000 0.993209 0.000000 -0.116343 0.400000 0.400000 0.400000
"}
