object={
	name="tree_leaf_high_generator_1_0"
	render_pass=Map
	clamp_to_water_level=no
	generated_content=yes
	layer="tree_high_layer"
	pdxmesh="tree_leaf_01_a_mesh"
	count=519
	transform="2287.897217 0.000000 2052.335449 0.000000 0.675393 0.000000 -0.737458 0.828157 0.828157 0.828157
2293.892822 0.000000 2042.317383 0.000000 0.965427 0.000000 0.260672 0.779985 0.779985 0.779985
2294.224365 0.000000 2052.019775 0.000000 0.477577 0.000000 0.878590 0.337146 0.337146 0.337146
2303.330566 0.000000 2064.737305 0.000000 0.969752 0.000000 0.244093 0.777346 0.777346 0.777346
2297.476318 0.000000 2062.685791 0.000000 0.071299 0.000000 0.997455 0.186080 0.186080 0.186080
2293.172852 0.000000 2062.543701 0.000000 0.817496 0.000000 -0.575934 1.040256 1.040256 1.040256
2286.455322 0.000000 2062.832764 0.000000 0.669606 0.000000 -0.742716 0.881924 0.881924 0.881924
2289.241943 0.000000 2049.920654 0.000000 0.991472 0.000000 -0.130322 0.816706 0.816706 0.816706
2296.122559 0.000000 2043.986450 0.000000 0.887099 0.000000 -0.461579 0.850786 0.850786 0.850786
2296.043945 0.000000 2057.483154 0.000000 0.860193 0.000000 0.509969 0.564860 0.564860 0.564860
2303.645996 0.000000 2056.466553 0.000000 0.440254 0.000000 -0.897873 0.911338 0.911338 0.911338
2288.749512 0.000000 2054.739258 0.000000 0.998260 0.000000 0.058963 0.792694 0.792694 0.792694
2294.450195 0.000000 2049.456543 0.000000 0.976173 0.000000 -0.216993 0.885625 0.885625 0.885625
2301.370361 0.000000 2066.720703 0.000000 0.909684 0.000000 0.415302 0.746112 0.746112 0.746112
2299.621094 0.000000 2050.792236 0.000000 0.994690 0.000000 0.102920 0.762934 0.762934 0.762934
2302.988281 0.000000 2054.111328 0.000000 0.985371 0.000000 -0.170420 0.824627 0.824627 0.824627
2296.093262 0.000000 2053.527100 0.000000 0.759827 0.000000 -0.650125 1.108153 1.108153 1.108153
2298.856689 0.000000 2053.212158 0.000000 0.973247 0.000000 0.229762 0.719434 0.719434 0.719434
2289.412842 0.000000 2064.627930 0.000000 0.994197 0.000000 0.107573 0.781918 0.781918 0.781918
2292.914062 0.000000 2044.336792 0.000000 0.319962 0.000000 0.947430 0.591111 0.591111 0.591111
2294.185059 0.000000 2058.483887 0.000000 0.918580 0.000000 0.395234 0.619842 0.619842 0.619842
2297.445068 0.000000 2064.808350 0.000000 0.173207 0.000000 0.984885 0.339722 0.339722 0.339722
2296.435303 0.000000 2046.146118 0.000000 0.047646 0.000000 -0.998864 1.265435 1.265435 1.265435
2295.240723 0.000000 2062.116943 0.000000 0.973063 0.000000 0.230539 0.698248 0.698248 0.698248
2298.508789 0.000000 2060.987305 0.000000 0.791847 0.000000 0.610720 0.582187 0.582187 0.582187
2298.571777 0.000000 2057.038086 0.000000 0.627405 0.000000 0.778693 0.475549 0.475549 0.475549
2292.581055 0.000000 2055.129150 0.000000 0.112635 0.000000 0.993636 0.252578 0.252578 0.252578
2300.440186 0.000000 2059.500488 0.000000 0.985510 0.000000 0.169616 0.761534 0.761534 0.761534
2293.743896 0.000000 2060.760498 0.000000 0.984179 0.000000 0.177177 0.728851 0.728851 0.728851
2298.098145 0.000000 2049.663086 0.000000 0.914372 0.000000 -0.404874 0.938200 0.938200 0.938200
2300.226318 0.000000 2046.183716 0.000000 0.743768 0.000000 0.668437 0.647932 0.647932 0.647932
2290.531738 0.000000 2058.784912 0.000000 0.239046 0.000000 0.971008 0.428278 0.428278 0.428278
2290.670410 0.000000 2055.337646 0.000000 0.526918 0.000000 -0.849916 1.067808 1.067808 1.067808
2295.801758 0.000000 2050.643799 0.000000 0.027867 0.000000 -0.999612 1.462542 1.462542 1.462542
2299.496094 0.000000 2054.845703 0.000000 0.973074 0.000000 -0.230492 0.885008 0.885008 0.885008
2293.407715 0.000000 2065.319336 0.000000 0.649137 0.000000 -0.760671 1.079662 1.079662 1.079662
2292.410645 0.000000 2052.087158 0.000000 0.269542 0.000000 -0.962989 1.248446 1.248446 1.248446
2301.259277 0.000000 2054.534912 0.000000 0.972608 0.000000 -0.232450 0.856694 0.856694 0.856694
2293.544189 0.000000 2053.645752 0.000000 0.589619 0.000000 0.807682 0.475137 0.475137 0.475137
2295.099365 0.000000 2047.716187 0.000000 0.467762 0.000000 0.883855 0.473072 0.473072 0.473072
2296.882568 0.000000 2059.013916 0.000000 0.619919 0.000000 -0.784666 1.189194 1.189194 1.189194
2293.286621 0.000000 2050.633301 0.000000 0.120730 0.000000 -0.992685 1.289346 1.289346 1.289346
2297.788818 0.000000 2047.106323 0.000000 0.998318 0.000000 -0.057978 0.817727 0.817727 0.817727
2296.124512 0.000000 2055.769287 0.000000 0.302599 0.000000 0.953118 0.242358 0.242358 0.242358
2291.615479 0.000000 2063.154297 0.000000 0.990703 0.000000 0.136045 0.759389 0.759389 0.759389
2429.414307 0.000000 2013.556396 0.000000 0.998323 0.000000 0.057884 0.796645 0.796645 0.796645
2424.467529 0.000000 2011.628418 0.000000 0.991159 0.000000 0.132681 0.786445 0.786445 0.786445
2422.907471 0.000000 2015.503052 0.000000 0.238305 0.000000 0.971190 0.281948 0.281948 0.281948
2420.629395 0.000000 2014.877197 0.000000 0.473766 0.000000 -0.880651 1.086149 1.086149 1.086149
2425.874023 0.000000 2012.497925 0.000000 0.969928 0.000000 -0.243393 0.863345 0.863345 0.863345
2455.894043 0.000000 2012.538696 0.000000 0.881643 0.000000 0.471918 0.764663 0.764663 0.764663
2460.375244 0.000000 2010.573730 0.000000 0.998870 0.000000 -0.047535 0.818520 0.818520 0.818520
2477.542236 0.000000 2008.946289 0.000000 0.523160 0.000000 -0.852234 0.930411 0.930411 0.930411
2473.583252 0.000000 2011.195435 0.000000 0.189188 0.000000 0.981941 0.273392 0.273392 0.273392
2474.833740 0.000000 2004.661255 0.000000 0.914128 0.000000 -0.405427 0.849191 0.849191 0.849191
2464.839600 0.000000 2008.472900 0.000000 0.454189 0.000000 0.890905 0.613371 0.613371 0.613371
2475.007324 0.000000 2013.125732 0.000000 0.540898 0.000000 0.841088 0.608401 0.608401 0.608401
2465.100342 0.000000 2015.459961 0.000000 0.457046 0.000000 0.889443 0.430021 0.430021 0.430021
2461.490967 0.000000 2012.603027 0.000000 0.978350 0.000000 -0.206958 0.881189 0.881189 0.881189
2461.952881 0.000000 2009.199341 0.000000 0.587668 0.000000 -0.809102 1.138876 1.138876 1.138876
2471.562012 0.000000 2012.262451 0.000000 0.861449 0.000000 -0.507843 1.007458 1.007458 1.007458
2457.800049 0.000000 2011.636597 0.000000 0.401277 0.000000 -0.915957 1.019695 1.019695 1.019695
2460.751709 0.000000 2014.430054 0.000000 0.977410 0.000000 0.211351 0.717487 0.717487 0.717487
2464.329102 0.000000 2012.709473 0.000000 0.860246 0.000000 -0.509879 0.992350 0.992350 0.992350
2467.852295 0.000000 2012.299927 0.000000 0.719551 0.000000 -0.694439 1.060637 1.060637 1.060637
2469.124512 0.000000 2008.560425 0.000000 0.996193 0.000000 -0.087171 0.820919 0.820919 0.820919
2471.147461 0.000000 2014.296509 0.000000 0.980472 0.000000 -0.196657 0.878674 0.878674 0.878674
2468.192383 0.000000 2014.386719 0.000000 0.474706 0.000000 0.880144 0.378725 0.378725 0.378725
2471.859863 0.000000 2008.197021 0.000000 0.855727 0.000000 0.517428 0.590367 0.590367 0.590367
2473.103027 0.000000 2009.449463 0.000000 0.894802 0.000000 -0.446463 0.980246 0.980246 0.980246
2469.994385 0.000000 2011.484863 0.000000 0.991171 0.000000 0.132587 0.759099 0.759099 0.759099
2464.403320 0.000000 2010.072632 0.000000 0.996781 0.000000 0.080178 0.776916 0.776916 0.776916
2321.281250 0.000000 2052.631104 0.000000 0.912003 0.000000 -0.410185 0.805909 0.805909 0.805909
2368.628906 0.000000 2069.220703 0.000000 0.216756 0.000000 -0.976226 0.845915 0.845915 0.845915
2303.983154 0.000000 2067.803711 0.000000 0.270699 0.000000 -0.962664 0.864744 0.864744 0.864744
2306.685059 0.000000 2041.776855 0.000000 0.946015 0.000000 -0.324123 0.829667 0.829667 0.829667
2310.420410 0.000000 2050.143066 0.000000 0.853616 0.000000 -0.520902 1.037464 1.037464 1.037464
2303.984619 0.000000 2061.996826 0.000000 0.728569 0.000000 -0.684972 0.888916 0.888916 0.888916
2368.036133 0.000000 2057.483154 0.000000 0.372919 0.000000 -0.927864 0.913952 0.913952 0.913952
2368.639648 0.000000 2066.784668 0.000000 0.397786 0.000000 0.917478 0.623666 0.623666 0.623666
2307.157959 0.000000 2054.572021 0.000000 0.374614 0.000000 -0.927181 1.006221 1.006221 1.006221
2312.503662 0.000000 2051.697266 0.000000 0.459549 0.000000 0.888153 0.369831 0.369831 0.369831
2308.285400 0.000000 2040.104492 0.000000 0.335488 0.000000 -0.942044 0.964415 0.964415 0.964415
2366.177246 0.000000 2058.483887 0.000000 0.460086 0.000000 0.887874 0.605767 0.605767 0.605767
2310.998291 0.000000 2053.166748 0.000000 0.989559 0.000000 0.144127 0.750316 0.750316 0.750316
2309.327637 0.000000 2045.134888 0.000000 0.978349 0.000000 -0.206960 0.865368 0.865368 0.865368
2369.437256 0.000000 2064.808350 0.000000 0.801513 0.000000 0.597977 0.604133 0.604133 0.604133
2367.232910 0.000000 2062.116943 0.000000 0.327806 0.000000 -0.944745 1.281692 1.281692 1.281692
2317.119873 0.000000 2050.860596 0.000000 0.358003 0.000000 0.933721 0.556993 0.556993 0.556993
2370.500977 0.000000 2060.987305 0.000000 0.924402 0.000000 0.381420 0.647591 0.647591 0.647591
2311.843018 0.000000 2046.798950 0.000000 0.493628 0.000000 -0.869673 1.261250 1.261250 1.261250
2314.402100 0.000000 2043.533325 0.000000 0.965604 0.000000 0.260017 0.748515 0.748515 0.748515
2308.921875 0.000000 2048.854004 0.000000 0.277752 0.000000 0.960653 0.297851 0.297851 0.297851
2304.934082 0.000000 2048.867920 0.000000 0.425686 0.000000 0.904871 0.522139 0.522139 0.522139
2306.223877 0.000000 2047.011719 0.000000 0.346061 0.000000 -0.938212 1.140409 1.140409 1.140409
2365.736084 0.000000 2060.760498 0.000000 0.108029 0.000000 0.994148 0.464076 0.464076 0.464076
2313.674316 0.000000 2046.582153 0.000000 0.156175 0.000000 -0.987729 1.378931 1.378931 1.378931
2313.643555 0.000000 2055.694336 0.000000 0.806433 0.000000 0.591325 0.655943 0.655943 0.655943
2308.075195 0.000000 2046.825439 0.000000 0.534723 0.000000 -0.845027 1.177965 1.177965 1.177965
2311.111328 0.000000 2048.501953 0.000000 0.462036 0.000000 0.886861 0.323017 0.323017 0.323017
2365.399902 0.000000 2065.319336 0.000000 0.669936 0.000000 0.742419 0.564384 0.564384 0.564384
2315.160645 0.000000 2045.123413 0.000000 0.984483 0.000000 0.175478 0.752440 0.752440 0.752440
2368.874756 0.000000 2059.013916 0.000000 0.696273 0.000000 0.717777 0.593729 0.593729 0.593729
2306.093262 0.000000 2053.192139 0.000000 0.951777 0.000000 0.306790 0.723398 0.723398 0.723398
2311.996582 0.000000 2055.661621 0.000000 0.593569 0.000000 0.804783 0.570231 0.570231 0.570231
2310.987305 0.000000 2044.629395 0.000000 0.704291 0.000000 -0.709911 1.077475 1.077475 1.077475
2400.565430 0.000000 2065.764648 0.000000 0.506861 0.000000 -0.862028 0.826983 0.826983 0.826983
2380.710938 0.000000 2052.708008 0.000000 0.154263 0.000000 -0.988030 0.859386 0.859386 0.859386
2433.127441 0.000000 2027.006592 0.000000 0.466755 0.000000 0.884387 0.734979 0.734979 0.734979
2385.761230 0.000000 2081.541748 0.000000 0.313903 0.000000 0.949455 0.735012 0.735012 0.735012
2434.923096 0.000000 2030.502075 0.000000 0.741892 0.000000 -0.670519 0.849905 0.849905 0.849905
2390.558105 0.000000 2055.617188 0.000000 0.625231 0.000000 0.780440 0.735622 0.735622 0.735622
2382.205322 0.000000 2055.366943 0.000000 0.387945 0.000000 0.921683 0.701655 0.701655 0.701655
2393.985107 0.000000 2082.646484 0.000000 0.389628 0.000000 0.920972 0.687781 0.687781 0.687781
2375.976807 0.000000 2061.996826 0.000000 0.921092 0.000000 -0.389344 0.841534 0.841534 0.841534
2432.159424 0.000000 2024.483887 0.000000 0.408305 0.000000 -0.912846 0.953914 0.953914 0.953914
2442.556152 0.000000 2033.268799 0.000000 0.267223 0.000000 -0.963635 0.963610 0.963610 0.963610
2436.867676 0.000000 2025.713013 0.000000 0.309679 0.000000 -0.950841 0.940471 0.940471 0.940471
2431.641846 0.000000 2016.304810 0.000000 0.384922 0.000000 0.922949 0.656766 0.656766 0.656766
2389.271484 0.000000 2072.451172 0.000000 0.998628 0.000000 0.052374 0.792047 0.792047 0.792047
2433.364258 0.000000 2022.027222 0.000000 0.301136 0.000000 -0.953581 0.989475 0.989475 0.989475
2384.495850 0.000000 2051.697266 0.000000 0.061022 0.000000 0.998136 0.296444 0.296444 0.296444
2399.546143 0.000000 2067.933594 0.000000 0.688157 0.000000 -0.725562 0.908638 0.908638 0.908638
2427.354736 0.000000 2018.960205 0.000000 0.422363 0.000000 0.906427 0.358060 0.358060 0.358060
2428.802734 0.000000 2022.516113 0.000000 0.265368 0.000000 -0.964147 1.307161 1.307161 1.307161
2379.838867 0.000000 2080.985352 0.000000 0.278149 0.000000 -0.960538 0.998221 0.998221 0.998221
2395.267578 0.000000 2061.626221 0.000000 0.375284 0.000000 -0.926910 1.006095 1.006095 1.006095
2393.786377 0.000000 2078.507812 0.000000 0.798730 0.000000 -0.601690 0.993417 0.993417 0.993417
2386.854248 0.000000 2053.062500 0.000000 0.224079 0.000000 -0.974571 1.313004 1.313004 1.313004
2391.251953 0.000000 2053.383301 0.000000 0.467698 0.000000 0.883889 0.637608 0.637608 0.637608
2389.960693 0.000000 2081.183594 0.000000 0.825049 0.000000 -0.565062 0.994296 0.994296 0.994296
2382.990479 0.000000 2053.166748 0.000000 0.933080 0.000000 -0.359668 0.861724 0.861724 0.861724
2395.902344 0.000000 2065.133789 0.000000 0.456462 0.000000 0.889743 0.372846 0.372846 0.372846
2390.999023 0.000000 2062.282959 0.000000 0.746925 0.000000 -0.664908 1.055681 1.055681 1.055681
2438.742676 0.000000 2026.760864 0.000000 0.459545 0.000000 0.888155 0.437521 0.437521 0.437521
2391.293945 0.000000 2073.515625 0.000000 0.164298 0.000000 0.986411 0.482739 0.482739 0.482739
2387.153809 0.000000 2048.887207 0.000000 0.980387 0.000000 -0.197081 0.858243 0.858243 0.858243
2390.864014 0.000000 2076.893066 0.000000 0.421075 0.000000 -0.907026 1.242493 1.242493 1.242493
2391.985352 0.000000 2066.328613 0.000000 0.363429 0.000000 0.931622 0.536617 0.536617 0.536617
2389.112061 0.000000 2050.860596 0.000000 0.496538 0.000000 0.868015 0.451487 0.451487 0.451487
2423.726074 0.000000 2016.381836 0.000000 0.162407 0.000000 -0.986724 1.303249 1.303249 1.303249
2422.677490 0.000000 2019.856689 0.000000 0.563043 0.000000 -0.826428 1.031191 1.031191 1.031191
2425.343994 0.000000 2022.830933 0.000000 0.989994 0.000000 0.141109 0.772571 0.772571 0.772571
2383.050537 0.000000 2076.474365 0.000000 0.628133 0.000000 -0.778106 0.978083 0.978083 0.978083
2427.588623 0.000000 2016.194214 0.000000 0.139168 0.000000 -0.990269 1.354529 1.354529 1.354529
2379.406006 0.000000 2075.113037 0.000000 0.402413 0.000000 0.915458 0.379562 0.379562 0.379562
2436.700928 0.000000 2031.273315 0.000000 0.321268 0.000000 -0.946988 1.083179 1.083179 1.083179
2376.146240 0.000000 2077.364502 0.000000 0.552326 0.000000 0.833628 0.473218 0.473218 0.473218
2431.708984 0.000000 2020.335815 0.000000 0.664240 0.000000 0.747519 0.594270 0.594270 0.594270
2428.402344 0.000000 2026.983521 0.000000 0.863259 0.000000 -0.504762 0.910959 0.910959 0.910959
2430.328125 0.000000 2023.814575 0.000000 0.751867 0.000000 0.659315 0.578575 0.578575 0.578575
2393.724365 0.000000 2068.376465 0.000000 0.043650 0.000000 -0.999047 1.166006 1.166006 1.166006
2381.395020 0.000000 2079.693604 0.000000 0.777443 0.000000 -0.628953 0.991553 0.991553 0.991553
2420.586426 0.000000 2017.473145 0.000000 0.999959 0.000000 -0.009031 0.802200 0.802200 0.802200
2378.449951 0.000000 2077.678467 0.000000 0.527133 0.000000 0.849783 0.404474 0.404474 0.404474
2440.463379 0.000000 2026.237671 0.000000 0.807025 0.000000 0.590518 0.553977 0.553977 0.553977
2391.779053 0.000000 2075.273926 0.000000 0.903463 0.000000 0.428667 0.633656 0.633656 0.633656
2421.890625 0.000000 2016.182007 0.000000 0.984889 0.000000 0.173189 0.757586 0.757586 0.757586
2381.508545 0.000000 2077.407227 0.000000 0.039300 0.000000 -0.999227 1.341398 1.341398 1.341398
2392.542480 0.000000 2062.955322 0.000000 0.844883 0.000000 -0.534951 1.019832 1.019832 1.019832
2377.764893 0.000000 2074.303223 0.000000 0.830138 0.000000 -0.557558 0.983094 0.983094 0.983094
2441.964355 0.000000 2029.120483 0.000000 0.657566 0.000000 -0.753397 1.132294 1.132294 1.132294
2426.280273 0.000000 2017.321777 0.000000 0.457671 0.000000 -0.889122 1.224437 1.224437 1.224437
2392.192627 0.000000 2078.083252 0.000000 0.396067 0.000000 -0.918221 1.148588 1.148588 1.148588
2393.148926 0.000000 2065.078125 0.000000 0.904718 0.000000 -0.426010 0.971393 0.971393 0.971393
2379.994873 0.000000 2076.762695 0.000000 0.005502 0.000000 -0.999985 1.409622 1.409622 1.409622
2378.883057 0.000000 2079.590332 0.000000 0.851480 0.000000 -0.524387 0.971985 0.971985 0.971985
2390.210205 0.000000 2065.491699 0.000000 0.506598 0.000000 0.862182 0.436656 0.436656 0.436656
2427.744141 0.000000 2025.417725 0.000000 0.597103 0.000000 0.802165 0.519253 0.519253 0.519253
2443.878418 0.000000 2027.742432 0.000000 0.745990 0.000000 0.665957 0.577302 0.577302 0.577302
2367.718750 0.000000 2149.266357 0.000000 0.991718 0.000000 -0.128434 0.850159 0.850159 0.850159
2348.235352 0.000000 2150.385986 0.000000 0.918063 0.000000 0.396435 0.745453 0.745453 0.745453
2372.819824 0.000000 2150.018555 0.000000 0.782502 0.000000 0.622648 0.687239 0.687239 0.687239
2368.546875 0.000000 2151.373291 0.000000 0.723018 0.000000 -0.690829 1.072646 1.072646 1.072646
2364.453125 0.000000 2151.308350 0.000000 0.855812 0.000000 -0.517286 0.969393 0.969393 0.969393
2340.243164 0.000000 2145.144775 0.000000 0.912856 0.000000 0.408282 0.716002 0.716002 0.716002
2349.095215 0.000000 2145.121826 0.000000 0.977472 0.000000 -0.211065 0.836103 0.836103 0.836103
2345.756348 0.000000 2147.220215 0.000000 0.844362 0.000000 -0.535773 1.020210 1.020210 1.020210
2344.822266 0.000000 2151.032471 0.000000 0.625001 0.000000 0.780624 0.610382 0.610382 0.610382
2343.396484 0.000000 2144.279053 0.000000 0.576794 0.000000 -0.816890 1.136047 1.136047 1.136047
2347.851562 0.000000 2148.414062 0.000000 0.550622 0.000000 -0.834755 1.160994 1.160994 1.160994
2366.253418 0.000000 2150.539307 0.000000 0.905937 0.000000 0.423413 0.641949 0.641949 0.641949
2367.791260 0.000000 2153.830566 0.000000 0.607825 0.000000 -0.794071 0.994237 0.994237 0.994237
2366.068359 0.000000 2147.711182 0.000000 0.996829 0.000000 -0.079571 0.822114 0.822114 0.822114
2370.886475 0.000000 2151.872559 0.000000 0.118375 0.000000 -0.992969 1.223440 1.223440 1.223440
2370.767822 0.000000 2148.458252 0.000000 0.518761 0.000000 0.854919 0.419080 0.419080 0.419080
2408.111328 0.000000 2104.772217 0.000000 0.159783 0.000000 0.987152 0.783099 0.783099 0.783099
2403.067383 0.000000 2098.711670 0.000000 0.352328 0.000000 0.935877 0.756474 0.756474 0.756474
2394.879883 0.000000 2143.328857 0.000000 0.982491 0.000000 -0.186311 0.810855 0.810855 0.810855
2400.767822 0.000000 2113.649902 0.000000 0.216281 0.000000 0.976331 0.705435 0.705435 0.705435
2392.108154 0.000000 2093.466553 0.000000 0.948770 0.000000 0.315968 0.760192 0.760192 0.760192
2395.569580 0.000000 2140.771484 0.000000 0.998659 0.000000 0.051776 0.793172 0.793172 0.793172
2388.085693 0.000000 2136.682373 0.000000 0.010933 0.000000 -0.999940 1.395045 1.395045 1.395045
2394.178955 0.000000 2101.641846 0.000000 0.298789 0.000000 -0.954319 1.002500 1.002500 1.002500
2400.827393 0.000000 2098.664795 0.000000 0.999983 0.000000 -0.005750 0.800884 0.800884 0.800884
2390.999023 0.000000 2134.267334 0.000000 0.441220 0.000000 0.897399 0.606460 0.606460 0.606460
2393.183350 0.000000 2142.114990 0.000000 0.952051 0.000000 0.305941 0.751563 0.751563 0.751563
2400.229980 0.000000 2111.705811 0.000000 0.905108 0.000000 -0.425181 0.883326 0.883326 0.883326
2391.985352 0.000000 2138.312988 0.000000 0.992975 0.000000 -0.118321 0.846190 0.846190 0.846190
2403.758789 0.000000 2105.626709 0.000000 0.288466 0.000000 0.957490 0.521743 0.521743 0.521743
2389.847900 0.000000 2140.903076 0.000000 0.728942 0.000000 0.684575 0.548505 0.548505 0.548505
2398.349365 0.000000 2095.750244 0.000000 0.127138 0.000000 0.991885 0.462731 0.462731 0.462731
2396.798828 0.000000 2092.355957 0.000000 0.994403 0.000000 -0.105649 0.823043 0.823043 0.823043
2387.724365 0.000000 2140.218750 0.000000 0.945296 0.000000 -0.326215 0.874995 0.874995 0.874995
2400.893066 0.000000 2108.362061 0.000000 0.856737 0.000000 -0.515753 0.936367 0.936367 0.936367
2393.724365 0.000000 2140.360840 0.000000 0.713016 0.000000 -0.701148 1.017261 1.017261 1.017261
2389.698242 0.000000 2135.874268 0.000000 0.541788 0.000000 0.840515 0.568730 0.568730 0.568730
2402.666748 0.000000 2108.658203 0.000000 0.697334 0.000000 0.716746 0.488771 0.488771 0.488771
2398.870117 0.000000 2099.187012 0.000000 0.941756 0.000000 -0.336296 0.902752 0.902752 0.902752
2403.127686 0.000000 2110.966064 0.000000 0.724601 0.000000 -0.689168 1.027787 1.027787 1.027787
2405.849365 0.000000 2108.165527 0.000000 0.448421 0.000000 -0.893822 1.224040 1.224040 1.224040
2390.210205 0.000000 2137.476074 0.000000 0.713510 0.000000 -0.700645 1.031018 1.031018 1.031018
2399.480713 0.000000 2097.402832 0.000000 0.449186 0.000000 0.893438 0.440286 0.440286 0.440286
2475.059570 0.000000 2026.727173 0.000000 0.988536 0.000000 0.150987 0.722808 0.722808 0.722808
2468.405518 0.000000 2030.534912 0.000000 0.951724 0.000000 -0.306954 0.958896 0.958896 0.958896
2471.111816 0.000000 2035.637329 0.000000 0.952475 0.000000 0.304617 0.648537 0.648537 0.648537
2466.418701 0.000000 2041.461182 0.000000 0.641227 0.000000 -0.767351 1.245481 1.245481 1.245481
2470.643311 0.000000 2019.647461 0.000000 0.726201 0.000000 0.687482 0.415459 0.415459 0.415459
2490.022705 0.000000 2031.012085 0.000000 0.937894 0.000000 -0.346923 0.971239 0.971239 0.971239
2484.382080 0.000000 2017.594238 0.000000 0.441909 0.000000 0.897060 0.731085 0.731085 0.731085
2471.783936 0.000000 2028.642090 0.000000 0.215715 0.000000 -0.976456 1.489267 1.489267 1.489267
2468.817139 0.000000 2022.361450 0.000000 0.610506 0.000000 0.792012 0.334454 0.334454 0.334454
2483.193848 0.000000 2075.149414 0.000000 0.424901 0.000000 0.905240 0.716352 0.716352 0.716352
2468.926025 0.000000 2043.565674 0.000000 0.158656 0.000000 0.987334 0.081146 0.081146 0.081146
2472.760010 0.000000 2041.665405 0.000000 0.832014 0.000000 0.554754 0.525164 0.525164 0.525164
2493.270020 0.000000 2041.080078 0.000000 0.904067 0.000000 -0.427390 0.836162 0.836162 0.836162
2485.853027 0.000000 2035.852295 0.000000 0.998911 0.000000 -0.046651 0.820972 0.820972 0.820972
2491.578125 0.000000 2035.643188 0.000000 0.994634 0.000000 0.103455 0.756531 0.756531 0.756531
2472.853516 0.000000 2024.477295 0.000000 0.349012 0.000000 0.937118 0.181572 0.181572 0.181572
2479.543945 0.000000 2077.461914 0.000000 0.999744 0.000000 0.022618 0.797606 0.797606 0.797606
2495.653076 0.000000 2027.554443 0.000000 0.993615 0.000000 -0.112827 0.811517 0.811517 0.811517
2467.232178 0.000000 2027.138794 0.000000 0.821627 0.000000 -0.570026 1.108907 1.108907 1.108907
2488.405029 0.000000 2037.340820 0.000000 0.965110 0.000000 0.261844 0.679887 0.679887 0.679887
2486.904297 0.000000 2031.310181 0.000000 0.971822 0.000000 -0.235714 0.917862 0.917862 0.917862
2469.332031 0.000000 2033.285645 0.000000 0.688735 0.000000 0.725013 0.395033 0.395033 0.395033
2473.677246 0.000000 2018.617432 0.000000 0.967214 0.000000 0.253962 0.685124 0.685124 0.685124
2482.297852 0.000000 2034.851929 0.000000 0.069784 0.000000 -0.997562 1.381567 1.381567 1.381567
2482.741211 0.000000 2039.708374 0.000000 0.731797 0.000000 -0.681523 1.090537 1.090537 1.090537
2487.348389 0.000000 2041.456299 0.000000 0.199138 0.000000 -0.979971 0.953264 0.953264 0.953264
2475.241455 0.000000 2029.592041 0.000000 0.332837 0.000000 0.942984 0.172809 0.172809 0.172809
2480.323242 0.000000 2026.929688 0.000000 0.942093 0.000000 0.335353 0.762434 0.762434 0.762434
2469.460693 0.000000 2046.437500 0.000000 0.951997 0.000000 0.306109 0.641557 0.641557 0.641557
2473.747314 0.000000 2034.450562 0.000000 0.900325 0.000000 0.435218 0.570674 0.570674 0.570674
2485.487305 0.000000 2026.599854 0.000000 0.151458 0.000000 -0.988464 1.355384 1.355384 1.355384
2492.704590 0.000000 2031.860107 0.000000 0.993985 0.000000 0.109512 0.758579 0.758579 0.758579
2468.442383 0.000000 2017.995117 0.000000 0.522970 0.000000 0.852351 0.390339 0.390339 0.390339
2490.477539 0.000000 2028.092163 0.000000 0.999902 0.000000 0.014010 0.793480 0.793480 0.793480
2471.590576 0.000000 2022.163818 0.000000 0.409825 0.000000 0.912164 0.215057 0.215057 0.215057
2477.617676 0.000000 2026.375610 0.000000 0.124506 0.000000 0.992219 0.259955 0.259955 0.259955
2483.661865 0.000000 2037.233887 0.000000 0.988894 0.000000 0.148622 0.741902 0.741902 0.741902
2471.572754 0.000000 2048.639893 0.000000 0.998513 0.000000 0.054512 0.794118 0.794118 0.794118
2485.202148 0.000000 2029.152222 0.000000 0.492549 0.000000 0.870285 0.405684 0.405684 0.405684
2456.183594 0.000000 2026.219971 0.000000 0.034470 0.000000 -0.999406 1.398337 1.398337 1.398337
2469.243652 0.000000 2037.329102 0.000000 0.855547 0.000000 0.517725 0.579364 0.579364 0.579364
2470.853516 0.000000 2030.938477 0.000000 0.285839 0.000000 0.958278 0.147635 0.147635 0.147635
2474.564453 0.000000 2015.739014 0.000000 0.916870 0.000000 0.399187 0.740131 0.740131 0.740131
2482.365479 0.000000 2080.874268 0.000000 0.993936 0.000000 0.109961 0.757088 0.757088 0.757088
2466.171143 0.000000 2029.657349 0.000000 0.772444 0.000000 -0.635083 1.150455 1.150455 1.150455
2489.065186 0.000000 2026.082520 0.000000 0.431430 0.000000 -0.902146 1.240281 1.240281 1.240281
2469.349609 0.000000 2028.257080 0.000000 0.260959 0.000000 0.965350 0.134462 0.134462 0.134462
2467.203613 0.000000 2047.591919 0.000000 0.588629 0.000000 -0.808403 1.279469 1.279469 1.279469
2454.487305 0.000000 2018.074951 0.000000 0.489516 0.000000 0.871994 0.656139 0.656139 0.656139
2452.792725 0.000000 2026.428833 0.000000 0.679045 0.000000 -0.734097 1.081533 1.081533 1.081533
2464.052490 0.000000 2047.782227 0.000000 0.997184 0.000000 -0.074997 0.838232 0.838232 0.838232
2458.700928 0.000000 2032.538452 0.000000 0.941855 0.000000 0.336020 0.746615 0.746615 0.746615
2467.123047 0.000000 2032.490479 0.000000 0.226029 0.000000 -0.974121 1.387333 1.387333 1.387333
2452.269775 0.000000 2040.104492 0.000000 0.999950 0.000000 -0.010016 0.803901 0.803901 0.803901
2489.076904 0.000000 2039.917847 0.000000 0.999543 0.000000 -0.030243 0.809726 0.809726 0.809726
2480.113037 0.000000 2030.474243 0.000000 0.780282 0.000000 0.625428 0.712283 0.712283 0.712283
2464.344727 0.000000 2025.766113 0.000000 0.820221 0.000000 -0.572047 1.077320 1.077320 1.077320
2490.899170 0.000000 2033.217285 0.000000 0.996006 0.000000 -0.089282 0.840889 0.840889 0.840889
2456.723877 0.000000 2028.439941 0.000000 0.240438 0.000000 0.970665 0.282803 0.282803 0.282803
2460.292480 0.000000 2023.886230 0.000000 0.544948 0.000000 -0.838470 1.109846 1.109846 1.109846
2469.580078 0.000000 2016.093018 0.000000 0.589033 0.000000 0.808109 0.422266 0.422266 0.422266
2464.264160 0.000000 2040.980469 0.000000 0.970057 0.000000 -0.242879 0.897018 0.897018 0.897018
2480.892578 0.000000 2079.232178 0.000000 0.793149 0.000000 -0.609028 1.022336 1.022336 1.022336
2477.701904 0.000000 2033.968506 0.000000 0.167251 0.000000 -0.985914 1.301493 1.301493 1.301493
2471.548096 0.000000 2033.033203 0.000000 0.881147 0.000000 0.472843 0.549164 0.549164 0.549164
2466.639648 0.000000 2021.972412 0.000000 0.845435 0.000000 0.534078 0.513054 0.513054 0.513054
2467.744629 0.000000 2025.066162 0.000000 0.919965 0.000000 0.392000 0.594854 0.594854 0.594854
2471.079346 0.000000 2043.036011 0.000000 0.999839 0.000000 0.017955 0.790855 0.790855 0.790855
2472.819580 0.000000 2026.680542 0.000000 0.900300 0.000000 0.435270 0.570645 0.570645 0.570645
2471.391846 0.000000 2037.879150 0.000000 0.819210 0.000000 0.573494 0.546273 0.546273 0.546273
2466.285645 0.000000 2017.362427 0.000000 0.997010 0.000000 0.077275 0.774200 0.774200 0.774200
2481.372070 0.000000 2076.271729 0.000000 0.652840 0.000000 0.757496 0.619761 0.619761 0.619761
2458.770996 0.000000 2017.877319 0.000000 0.998119 0.000000 0.061310 0.776107 0.776107 0.776107
2479.787354 0.000000 2022.035767 0.000000 0.201804 0.000000 0.979426 0.532321 0.532321 0.532321
2453.312012 0.000000 2045.134888 0.000000 0.845674 0.000000 0.533700 0.632467 0.632467 0.632467
2486.385498 0.000000 2033.789307 0.000000 0.976696 0.000000 0.214629 0.689833 0.689833 0.689833
2455.982910 0.000000 2022.982544 0.000000 0.893844 0.000000 0.448378 0.696924 0.696924 0.696924
2465.640137 0.000000 2043.378296 0.000000 0.938134 0.000000 0.346273 0.619915 0.619915 0.619915
2462.159912 0.000000 2027.567749 0.000000 0.172093 0.000000 0.985081 0.392393 0.392393 0.392393
2484.373047 0.000000 2085.174072 0.000000 0.986921 0.000000 -0.161203 0.834601 0.834601 0.834601
2468.482910 0.000000 2041.402710 0.000000 0.213511 0.000000 -0.976941 1.490416 1.490416 1.490416
2459.697998 0.000000 2038.618164 0.000000 0.213657 0.000000 0.976909 0.272093 0.272093 0.272093
2485.150879 0.000000 2024.341309 0.000000 0.909087 0.000000 0.416605 0.632645 0.632645 0.632645
2462.513428 0.000000 2015.623047 0.000000 0.734850 0.000000 0.678229 0.563306 0.563306 0.563306
2461.766602 0.000000 2042.097900 0.000000 0.929472 0.000000 -0.368893 0.879987 0.879987 0.879987
2472.222168 0.000000 2039.721558 0.000000 0.637774 0.000000 0.770223 0.471637 0.471637 0.471637
2493.924316 0.000000 2035.968262 0.000000 0.621385 0.000000 -0.783505 1.087694 1.087694 1.087694
2478.821533 0.000000 2079.362549 0.000000 0.794441 0.000000 0.607341 0.677460 0.677460 0.677460
2455.939697 0.000000 2030.333618 0.000000 0.443359 0.000000 0.896344 0.482563 0.482563 0.482563
2474.036133 0.000000 2045.636597 0.000000 0.749855 0.000000 0.661602 0.580526 0.580526 0.580526
2456.535156 0.000000 2019.120239 0.000000 0.930671 0.000000 0.365858 0.689285 0.689285 0.689285
2480.523193 0.000000 2083.611328 0.000000 0.942443 0.000000 -0.334365 0.932780 0.932780 0.932780
2475.750977 0.000000 2033.642334 0.000000 0.512927 0.000000 0.858432 0.274302 0.274302 0.274302
2460.051514 0.000000 2031.082642 0.000000 0.126684 0.000000 0.991943 0.497227 0.497227 0.497227
2460.219482 0.000000 2034.744019 0.000000 0.129704 0.000000 0.991553 0.365501 0.365501 0.365501
2476.564941 0.000000 2028.046631 0.000000 0.995180 0.000000 -0.098068 0.837470 0.837470 0.837470
2452.448975 0.000000 2028.508423 0.000000 0.732549 0.000000 -0.680715 1.082632 1.082632 1.082632
2482.546631 0.000000 2018.728027 0.000000 0.912454 0.000000 -0.409180 0.898508 0.898508 0.898508
2470.341553 0.000000 2023.765747 0.000000 0.999572 0.000000 -0.029238 0.814893 0.814893 0.814893
2468.791016 0.000000 2020.371582 0.000000 0.850312 0.000000 -0.526279 1.082261 1.082261 1.082261
2473.402588 0.000000 2043.545288 0.000000 0.896310 0.000000 -0.443429 1.028475 1.028475 1.028475
2470.919922 0.000000 2017.655762 0.000000 0.050760 0.000000 0.998711 0.186762 0.186762 0.186762
2463.063721 0.000000 2033.023438 0.000000 0.239525 0.000000 0.970890 0.404529 0.404529 0.404529
2455.840820 0.000000 2043.044678 0.000000 0.707758 0.000000 0.706455 0.494476 0.494476 0.494476
2472.546143 0.000000 2020.379639 0.000000 0.092307 0.000000 0.995731 0.047079 0.047079 0.047079
2484.231445 0.000000 2083.138184 0.000000 0.174503 0.000000 0.984657 0.473928 0.473928 0.473928
2458.386475 0.000000 2043.533325 0.000000 0.061948 0.000000 0.998079 0.354009 0.354009 0.354009
2468.856201 0.000000 2035.371460 0.000000 0.395651 0.000000 -0.918401 1.276589 1.276589 1.276589
2456.433594 0.000000 2040.120972 0.000000 0.918250 0.000000 -0.396002 0.958573 0.958573 0.958573
2488.366455 0.000000 2029.999512 0.000000 0.105365 0.000000 0.994434 0.053762 0.053762 0.053762
2484.445068 0.000000 2030.934570 0.000000 0.849262 0.000000 0.527972 0.574490 0.574490 0.574490
2451.851562 0.000000 2043.393188 0.000000 0.645423 0.000000 -0.763825 1.008325 1.008325 1.008325
2474.599365 0.000000 2023.597168 0.000000 0.728064 0.000000 0.685509 0.431921 0.431921 0.431921
2457.294922 0.000000 2021.494141 0.000000 0.847244 0.000000 -0.531204 0.977841 0.977841 0.977841
2459.410889 0.000000 2021.918335 0.000000 0.697015 0.000000 -0.717057 1.111402 1.111402 1.111402
2489.621094 0.000000 2035.827759 0.000000 0.270556 0.000000 0.962704 0.149892 0.149892 0.149892
2458.855469 0.000000 2025.158936 0.000000 0.539342 0.000000 -0.842087 1.187906 1.187906 1.187906
2465.185791 0.000000 2039.173340 0.000000 0.365080 0.000000 -0.930976 1.074948 1.074948 1.074948
2458.414551 0.000000 2040.155273 0.000000 0.252330 0.000000 -0.967641 1.294024 1.294024 1.294024
2467.856445 0.000000 2045.169434 0.000000 0.904741 0.000000 -0.425963 1.024104 1.024104 1.024104
2473.691650 0.000000 2028.472290 0.000000 0.608519 0.000000 0.793539 0.333178 0.333178 0.333178
2480.817871 0.000000 2040.251221 0.000000 0.863806 0.000000 0.503824 0.597520 0.597520 0.597520
2458.645508 0.000000 2036.801392 0.000000 0.508644 0.000000 0.860977 0.396056 0.396056 0.396056
2472.885254 0.000000 2036.377686 0.000000 0.984796 0.000000 0.173716 0.740717 0.740717 0.740717
2481.290527 0.000000 2025.052734 0.000000 0.324344 0.000000 -0.945939 1.052708 1.052708 1.052708
2462.541016 0.000000 2037.132446 0.000000 0.980899 0.000000 0.194520 0.747607 0.747607 0.747607
2484.143555 0.000000 2035.018921 0.000000 0.957354 0.000000 0.288916 0.668290 0.668290 0.668290
2458.807373 0.000000 2015.663940 0.000000 0.610903 0.000000 0.791706 0.444190 0.444190 0.444190
2465.405273 0.000000 2015.678223 0.000000 0.809368 0.000000 -0.587303 1.011877 1.011877 1.011877
2464.219238 0.000000 2044.970581 0.000000 0.904030 0.000000 0.427468 0.575049 0.575049 0.575049
2455.000732 0.000000 2037.907593 0.000000 0.321888 0.000000 0.946778 0.502074 0.502074 0.502074
2471.244141 0.000000 2046.836792 0.000000 0.516848 0.000000 0.856077 0.467507 0.467507 0.467507
2485.898438 0.000000 2021.184692 0.000000 0.532420 0.000000 -0.846480 1.160844 1.160844 1.160844
2473.980225 0.000000 2040.258789 0.000000 0.103272 0.000000 -0.994653 1.485767 1.485767 1.485767
2459.293945 0.000000 2028.915527 0.000000 0.663549 0.000000 -0.748133 1.041406 1.041406 1.041406
2492.313477 0.000000 2037.369263 0.000000 0.016897 0.000000 0.999857 0.377923 0.377923 0.377923
2476.250244 0.000000 2042.479248 0.000000 0.044346 0.000000 0.999016 0.205512 0.205512 0.205512
2492.631348 0.000000 2033.987549 0.000000 0.214106 0.000000 0.976811 0.318279 0.318279 0.318279
2488.520996 0.000000 2032.189819 0.000000 0.966039 0.000000 -0.258398 0.933111 0.933111 0.933111
2477.644531 0.000000 2040.973145 0.000000 0.970875 0.000000 0.239585 0.705774 0.705774 0.705774
2460.383301 0.000000 2026.724365 0.000000 0.873967 0.000000 0.485985 0.658099 0.658099 0.658099
2477.018311 0.000000 2029.961304 0.000000 0.071729 0.000000 -0.997424 1.371830 1.371830 1.371830
2474.520996 0.000000 2041.993652 0.000000 0.655783 0.000000 -0.754949 1.146884 1.146884 1.146884
2462.093750 0.000000 2044.285522 0.000000 0.704254 0.000000 0.709948 0.544580 0.544580 0.544580
2454.992920 0.000000 2041.408936 0.000000 0.932689 0.000000 0.360681 0.656290 0.656290 0.656290
2460.385742 0.000000 2020.340332 0.000000 0.999827 0.000000 -0.018598 0.806092 0.806092 0.806092
2482.720459 0.000000 2041.595337 0.000000 0.920031 0.000000 0.391845 0.697872 0.697872 0.697872
2483.747803 0.000000 2026.916382 0.000000 0.155554 0.000000 -0.987827 1.170115 1.170115 1.170115
2491.276611 0.000000 2029.681519 0.000000 0.585448 0.000000 0.810710 0.360069 0.360069 0.360069
2487.585205 0.000000 2035.640381 0.000000 0.546531 0.000000 0.837439 0.300430 0.300430 0.300430
2487.226562 0.000000 2026.343506 0.000000 0.337038 0.000000 -0.941491 1.307288 1.307288 1.307288
2487.520996 0.000000 2038.861572 0.000000 0.267082 0.000000 0.963674 0.392228 0.392228 0.392228
2459.342773 0.000000 2042.063599 0.000000 0.070067 0.000000 0.997542 0.356414 0.356414 0.356414
2475.798584 0.000000 2045.781250 0.000000 0.685160 0.000000 -0.728393 1.047713 1.047713 1.047713
2474.658936 0.000000 2036.673828 0.000000 0.684267 0.000000 0.729231 0.602511 0.602511 0.602511
2468.085938 0.000000 2039.627808 0.000000 0.990063 0.000000 0.140622 0.733498 0.733498 0.733498
2456.802246 0.000000 2024.562744 0.000000 0.946119 0.000000 -0.323820 0.928431 0.928431 0.928431
2482.053223 0.000000 2026.644775 0.000000 0.968218 0.000000 -0.250109 0.866140 0.866140 0.866140
2470.862305 0.000000 2027.202637 0.000000 0.952708 0.000000 0.303888 0.642744 0.642744 0.642744
2482.775146 0.000000 2033.116211 0.000000 0.685514 0.000000 0.728059 0.536147 0.536147 0.536147
2479.379883 0.000000 2041.445679 0.000000 0.182623 0.000000 -0.983183 1.340239 1.340239 1.340239
2470.182861 0.000000 2044.767822 0.000000 0.879693 0.000000 0.475542 0.547603 0.547603 0.547603
2467.468262 0.000000 2049.781006 0.000000 0.820160 0.000000 0.572134 0.553045 0.553045 0.553045
2467.728516 0.000000 2028.904907 0.000000 0.815857 0.000000 -0.578253 1.114025 1.114025 1.114025
2486.469971 0.000000 2037.484497 0.000000 0.263633 0.000000 0.964623 0.208797 0.208797 0.208797
2466.115723 0.000000 2025.742676 0.000000 0.671135 0.000000 0.741335 0.374709 0.374709 0.374709
2475.056641 0.000000 2031.410156 0.000000 0.174656 0.000000 0.984630 0.089410 0.089410 0.089410
2452.697510 0.000000 2031.733887 0.000000 0.627451 0.000000 0.778656 0.559352 0.559352 0.559352
2470.916016 0.000000 2041.278198 0.000000 0.926019 0.000000 0.377477 0.602867 0.602867 0.602867
2465.111816 0.000000 2018.682251 0.000000 0.928461 0.000000 0.371429 0.692834 0.692834 0.692834
2461.963135 0.000000 2034.441650 0.000000 0.346927 0.000000 0.937892 0.433123 0.433123 0.433123
2461.981445 0.000000 2017.322876 0.000000 0.461718 0.000000 -0.887027 1.198705 1.198705 1.198705
2483.800049 0.000000 2076.985840 0.000000 0.763391 0.000000 0.645936 0.631693 0.631693 0.631693
2467.363281 0.000000 2042.907349 0.000000 0.830680 0.000000 0.556750 0.499277 0.499277 0.499277
2486.131836 0.000000 2022.885620 0.000000 0.971590 0.000000 0.236672 0.732235 0.732235 0.732235
2472.697021 0.000000 2030.068481 0.000000 0.766884 0.000000 -0.641785 1.154889 1.154889 1.154889
2462.319336 0.000000 2040.509155 0.000000 0.272844 0.000000 0.962058 0.474249 0.474249 0.474249
2479.700928 0.000000 2043.267212 0.000000 0.996403 0.000000 0.084737 0.770347 0.770347 0.770347
2475.119873 0.000000 2038.981689 0.000000 0.813871 0.000000 0.581045 0.626636 0.626636 0.626636
2466.344727 0.000000 2036.741577 0.000000 0.992642 0.000000 0.121088 0.765331 0.765331 0.765331
2464.009521 0.000000 2049.515137 0.000000 0.659580 0.000000 0.751635 0.494229 0.494229 0.494229
2452.398438 0.000000 2041.819092 0.000000 0.907632 0.000000 -0.419766 0.968710 0.968710 0.968710
2465.551758 0.000000 2047.114380 0.000000 0.403818 0.000000 0.914839 0.211707 0.211707 0.211707
2462.496094 0.000000 2020.692383 0.000000 0.528270 0.000000 0.849077 0.542740 0.542740 0.542740
2461.396484 0.000000 2039.135742 0.000000 0.997623 0.000000 -0.068905 0.825755 0.825755 0.825755
2490.506104 0.000000 2037.251343 0.000000 0.746527 0.000000 0.665356 0.510668 0.510668 0.510668
2454.971680 0.000000 2044.629395 0.000000 0.317765 0.000000 -0.948169 1.196133 1.196133 1.196133
2481.520996 0.000000 2082.296875 0.000000 0.223402 0.000000 0.974726 0.275982 0.275982 0.275982
2456.987793 0.000000 2031.598999 0.000000 0.067607 0.000000 -0.997712 1.196280 1.196280 1.196280
2477.930908 0.000000 2024.741699 0.000000 0.093413 0.000000 -0.995627 1.277967 1.277967 1.277967
2476.107422 0.000000 2025.383423 0.000000 0.532659 0.000000 0.846330 0.473517 0.473517 0.473517
2471.472900 0.000000 2025.418579 0.000000 0.507858 0.000000 0.861441 0.271300 0.271300 0.271300
2545.575439 0.000000 2083.179688 0.000000 0.142320 0.000000 -0.989821 1.407484 1.407484 1.407484
2552.884766 0.000000 2079.232178 0.000000 0.833083 0.000000 -0.553148 0.910042 0.910042 0.910042
2537.092529 0.000000 2087.444336 0.000000 0.997395 0.000000 0.072133 0.771883 0.771883 0.771883
2553.364258 0.000000 2076.271729 0.000000 0.822119 0.000000 -0.569315 0.899193 0.899193 0.899193
2533.483154 0.000000 2084.587402 0.000000 0.163571 0.000000 -0.986532 1.283163 1.283163 1.283163
2547.383301 0.000000 2081.093750 0.000000 0.421751 0.000000 0.906712 0.357797 0.357797 0.357797
2543.554199 0.000000 2084.246826 0.000000 0.993421 0.000000 0.114523 0.749339 0.749339 0.749339
2549.776855 0.000000 2076.487793 0.000000 0.994110 0.000000 -0.108374 0.837519 0.837519 0.837519
2550.813721 0.000000 2079.362549 0.000000 0.057253 0.000000 0.998360 0.283094 0.283094 0.283094
2532.743896 0.000000 2086.414307 0.000000 0.266492 0.000000 -0.963837 1.306707 1.306707 1.306707
2536.321289 0.000000 2084.693848 0.000000 0.477211 0.000000 0.878789 0.422714 0.422714 0.422714
2539.844482 0.000000 2084.284424 0.000000 0.098564 0.000000 0.995131 0.241385 0.241385 0.241385
2541.116699 0.000000 2080.544922 0.000000 0.088581 0.000000 0.996069 0.495109 0.495109 0.495109
2543.139648 0.000000 2086.280762 0.000000 0.798350 0.000000 0.602194 0.580580 0.580580 0.580580
2540.184570 0.000000 2086.371094 0.000000 0.065214 0.000000 -0.997871 1.389355 1.389355 1.389355
2543.852051 0.000000 2080.181396 0.000000 0.641361 0.000000 0.767239 0.503072 0.503072 0.503072
2545.095215 0.000000 2081.433838 0.000000 0.822693 0.000000 -0.568486 1.043947 1.043947 1.043947
2541.986572 0.000000 2083.469238 0.000000 0.824799 0.000000 -0.565426 1.005241 1.005241 1.005241
2507.944336 0.000000 2121.548828 0.000000 0.767575 0.000000 -0.640959 0.811117 0.811117 0.811117
2471.111816 0.000000 2107.621582 0.000000 0.653919 0.000000 -0.756564 0.846270 0.846270 0.846270
2490.680176 0.000000 2090.375488 0.000000 0.324303 0.000000 0.945953 0.733104 0.733104 0.733104
2506.474609 0.000000 2111.993164 0.000000 0.886421 0.000000 -0.462879 1.020104 1.020104 1.020104
2509.869385 0.000000 2114.301758 0.000000 0.358112 0.000000 -0.933679 1.389415 1.389415 1.389415
2490.057373 0.000000 2114.095947 0.000000 0.013693 0.000000 0.999906 0.681824 0.681824 0.681824
2475.667725 0.000000 2125.428223 0.000000 0.396650 0.000000 -0.917970 0.895229 0.895229 0.895229
2475.167725 0.000000 2135.933838 0.000000 0.891734 0.000000 -0.452560 0.839395 0.839395 0.839395
2513.956543 0.000000 2110.434570 0.000000 0.939831 0.000000 0.341640 0.646104 0.646104 0.646104
2508.117920 0.000000 2108.257812 0.000000 0.444661 0.000000 0.895699 0.303406 0.303406 0.303406
2464.100342 0.000000 2093.466553 0.000000 0.727367 0.000000 -0.686248 0.893654 0.893654 0.893654
2504.504883 0.000000 2114.041260 0.000000 0.916143 0.000000 -0.400851 1.010057 1.010057 1.010057
2518.476318 0.000000 2108.463867 0.000000 0.655933 0.000000 -0.754819 0.882003 0.882003 0.882003
2515.828125 0.000000 2108.519287 0.000000 0.969268 0.000000 0.246006 0.699722 0.699722 0.699722
2515.970947 0.000000 2113.669189 0.000000 0.727477 0.000000 -0.686132 1.106577 1.106577 1.106577
2497.955811 0.000000 2119.507568 0.000000 0.120493 0.000000 0.992714 0.238173 0.238173 0.238173
2470.833984 0.000000 2132.850830 0.000000 0.944490 0.000000 0.328541 0.682328 0.682328 0.682328
2504.520020 0.000000 2117.002686 0.000000 0.906706 0.000000 -0.421762 0.974784 0.974784 0.974784
2510.711182 0.000000 2108.265137 0.000000 0.760267 0.000000 -0.649611 1.109270 1.109270 1.109270
2495.209717 0.000000 2123.984131 0.000000 0.749153 0.000000 -0.662397 0.883870 0.883870 0.883870
2467.274902 0.000000 2126.095703 0.000000 0.151864 0.000000 0.988401 0.593208 0.593208 0.593208
2466.171143 0.000000 2101.641846 0.000000 0.239091 0.000000 -0.970997 1.317737 1.317737 1.317737
2469.349609 0.000000 2100.241455 0.000000 0.816305 0.000000 0.577621 0.563855 0.563855 0.563855
2463.503906 0.000000 2095.661621 0.000000 0.949360 0.000000 -0.314190 0.854258 0.854258 0.854258
2487.566162 0.000000 2093.958984 0.000000 0.989944 0.000000 0.141457 0.744723 0.744723 0.744723
2516.247070 0.000000 2116.141113 0.000000 0.940188 0.000000 -0.340657 0.855542 0.855542 0.855542
2464.344727 0.000000 2097.750488 0.000000 0.750740 0.000000 0.660598 0.518959 0.518959 0.518959
2511.299316 0.000000 2112.510254 0.000000 0.802720 0.000000 0.596357 0.514144 0.514144 0.514144
2471.548096 0.000000 2105.017578 0.000000 0.586636 0.000000 0.809851 0.652955 0.652955 0.652955
2508.890625 0.000000 2116.321289 0.000000 0.998560 0.000000 0.053652 0.783597 0.783597 0.783597
2466.639648 0.000000 2093.956787 0.000000 0.997948 0.000000 0.064035 0.789890 0.789890 0.789890
2508.619141 0.000000 2112.473633 0.000000 0.928018 0.000000 0.372535 0.605582 0.605582 0.605582
2470.335449 0.000000 2128.009277 0.000000 0.984579 0.000000 0.174942 0.731515 0.731515 0.731515
2467.744629 0.000000 2097.050537 0.000000 0.469168 0.000000 -0.883109 1.221572 1.221572 1.221572
2500.889404 0.000000 2114.188477 0.000000 0.898337 0.000000 0.439307 0.618320 0.618320 0.618320
2474.619141 0.000000 2127.436523 0.000000 0.998708 0.000000 -0.050815 0.808123 0.808123 0.808123
2491.799316 0.000000 2094.861084 0.000000 0.962148 0.000000 0.272529 0.743218 0.743218 0.743218
2471.916260 0.000000 2131.031982 0.000000 0.398136 0.000000 -0.917327 1.252287 1.252287 1.252287
2489.536133 0.000000 2096.070312 0.000000 0.407962 0.000000 -0.912999 1.232019 1.232019 1.232019
2462.159912 0.000000 2099.552002 0.000000 0.362297 0.000000 -0.932063 1.173903 1.173903 1.173903
2506.969238 0.000000 2110.003418 0.000000 0.993789 0.000000 -0.111280 0.851002 0.851002 0.851002
2488.380371 0.000000 2090.112793 0.000000 0.833852 0.000000 0.551988 0.696059 0.696059 0.696059
2475.755127 0.000000 2133.896973 0.000000 0.921776 0.000000 0.387722 0.732406 0.732406 0.732406
2485.150879 0.000000 2096.325684 0.000000 0.868251 0.000000 0.496125 0.654844 0.654844 0.654844
2514.416748 0.000000 2115.111084 0.000000 0.747488 0.000000 0.664275 0.548970 0.548970 0.548970
2511.954834 0.000000 2109.993896 0.000000 0.254513 0.000000 -0.967069 1.374498 1.374498 1.374498
2517.846436 0.000000 2112.960938 0.000000 0.996062 0.000000 -0.088656 0.833687 0.833687 0.833687
2470.341553 0.000000 2095.750244 0.000000 0.097732 0.000000 -0.995213 1.088292 1.088292 1.088292
2494.687256 0.000000 2116.717285 0.000000 0.862200 0.000000 -0.506568 1.022796 1.022796 1.022796
2518.916504 0.000000 2110.379883 0.000000 0.545041 0.000000 0.838409 0.611333 0.611333 0.611333
2507.283447 0.000000 2113.912842 0.000000 0.803203 0.000000 -0.595705 1.125004 1.125004 1.125004
2502.336426 0.000000 2117.790039 0.000000 0.297209 0.000000 0.954813 0.376730 0.376730 0.376730
2468.908936 0.000000 2132.416992 0.000000 0.894808 0.000000 -0.446451 0.919236 0.919236 0.919236
2493.995605 0.000000 2114.903076 0.000000 0.374466 0.000000 -0.927241 1.020473 1.020473 1.020473
2495.737305 0.000000 2120.432129 0.000000 0.266350 0.000000 0.963876 0.438768 0.438768 0.438768
2496.961182 0.000000 2116.974121 0.000000 0.665031 0.000000 0.746815 0.397478 0.397478 0.397478
2473.691650 0.000000 2100.456543 0.000000 0.977563 0.000000 0.210643 0.746591 0.746591 0.746591
2515.067383 0.000000 2112.000977 0.000000 0.456961 0.000000 0.889487 0.355549 0.355549 0.355549
2500.150879 0.000000 2112.406738 0.000000 0.223013 0.000000 0.974816 0.383349 0.383349 0.383349
2509.855469 0.000000 2106.660889 0.000000 0.998806 0.000000 0.048850 0.780284 0.780284 0.780284
2494.069336 0.000000 2119.540283 0.000000 0.998196 0.000000 -0.060034 0.823635 0.823635 0.823635
2500.720215 0.000000 2116.925293 0.000000 0.974648 0.000000 -0.223742 0.883827 0.883827 0.883827
2515.253418 0.000000 2106.866943 0.000000 0.227069 0.000000 0.973879 0.336402 0.336402 0.336402
2487.226562 0.000000 2098.327881 0.000000 0.425774 0.000000 0.904830 0.470210 0.470210 0.470210
2511.702637 0.000000 2114.236084 0.000000 0.168018 0.000000 0.985784 0.253984 0.253984 0.253984
2470.862305 0.000000 2099.187012 0.000000 0.306159 0.000000 0.951980 0.311934 0.311934 0.311934
2480.476318 0.000000 2087.819580 0.000000 0.461972 0.000000 -0.886895 1.122366 1.122366 1.122366
2467.728516 0.000000 2100.889160 0.000000 0.555287 0.000000 -0.831659 1.182486 1.182486 1.182486
2466.115723 0.000000 2097.727051 0.000000 0.271191 0.000000 -0.962526 1.304807 1.304807 1.304807
2492.395508 0.000000 2120.893555 0.000000 0.766201 0.000000 0.642601 0.636920 0.636920 0.636920
2512.992188 0.000000 2104.380859 0.000000 0.986483 0.000000 -0.163863 0.854573 0.854573 0.854573
2512.908447 0.000000 2111.748535 0.000000 0.588891 0.000000 0.808213 0.384603 0.384603 0.384603
2486.131836 0.000000 2094.870117 0.000000 0.873193 0.000000 0.487375 0.601732 0.601732 0.601732
2471.306885 0.000000 2129.453857 0.000000 0.246887 0.000000 -0.969044 1.314607 1.314607 1.314607
2507.831787 0.000000 2117.638672 0.000000 0.404429 0.000000 0.914569 0.329638 0.329638 0.329638
2502.791016 0.000000 2113.834473 0.000000 0.989807 0.000000 0.142412 0.749484 0.749484 0.749484
2471.699707 0.000000 2126.920654 0.000000 0.328070 0.000000 0.944653 0.333235 0.333235 0.333235
2499.103760 0.000000 2118.287598 0.000000 0.703739 0.000000 -0.710459 1.049343 1.049343 1.049343
2493.489746 0.000000 2117.895020 0.000000 0.753488 0.000000 -0.657462 1.019235 1.019235 1.019235
2497.676270 0.000000 2115.372070 0.000000 0.969744 0.000000 -0.244125 0.896048 0.896048 0.896048
2471.472900 0.000000 2097.402832 0.000000 0.875292 0.000000 0.483594 0.642734 0.642734 0.642734
2533.342285 0.000000 2093.854492 0.000000 0.995197 0.000000 0.097898 0.797650 0.797650 0.797650
2542.635498 0.000000 2091.631836 0.000000 0.491730 0.000000 -0.870748 0.850653 0.850653 0.850653
2533.540283 0.000000 2090.969482 0.000000 0.999992 0.000000 0.004080 0.799478 0.799478 0.799478
2542.845703 0.000000 2102.922852 0.000000 0.055199 0.000000 0.998475 0.588113 0.588113 0.588113
2539.115234 0.000000 2104.474854 0.000000 0.575733 0.000000 -0.817638 1.172830 1.172830 1.172830
2534.505615 0.000000 2087.607422 0.000000 0.995355 0.000000 -0.096268 0.837551 0.837551 0.837551
2537.133301 0.000000 2106.137451 0.000000 0.249402 0.000000 -0.968400 1.313596 1.313596 1.313596
2542.912109 0.000000 2089.640137 0.000000 0.434603 0.000000 -0.900622 1.021691 1.021691 1.021691
2535.055908 0.000000 2105.007812 0.000000 0.166273 0.000000 0.986080 0.455155 0.455155 0.455155
2540.848389 0.000000 2107.355713 0.000000 0.885146 0.000000 0.465312 0.685937 0.685937 0.685937
2530.799561 0.000000 2087.648193 0.000000 0.337890 0.000000 -0.941185 1.120800 1.120800 1.120800
2537.397461 0.000000 2087.662598 0.000000 0.553779 0.000000 0.832664 0.416809 0.416809 0.416809
2539.720703 0.000000 2100.889160 0.000000 0.442816 0.000000 -0.896612 1.124273 1.124273 1.124273
2533.973633 0.000000 2089.307373 0.000000 0.923324 0.000000 0.384021 0.686642 0.686642 0.686642
2538.336914 0.000000 2108.726074 0.000000 0.150380 0.000000 -0.988628 1.202679 1.202679 1.202679
"}
