object={
	name="tree_leaf_high_generator_2_0"
	render_pass=Map
	clamp_to_water_level=no
	generated_content=yes
	layer="tree_high_layer"
	pdxmesh="tree_leaf_01_b_mesh"
	count=162
	transform="2295.539307 0.000000 2060.109619 0.000000 0.712993 0.000000 -0.701171 0.489624 0.489624 0.489624
2290.766357 0.000000 2043.803833 0.000000 0.878603 0.000000 -0.477553 0.404723 0.404723 0.404723
2297.349854 0.000000 2051.551270 0.000000 0.921843 0.000000 -0.387564 0.443520 0.443520 0.443520
2294.508057 0.000000 2055.266602 0.000000 0.999925 0.000000 -0.012238 0.401357 0.401357 0.401357
2287.365479 0.000000 2065.632812 0.000000 0.310464 0.000000 0.950585 0.376812 0.376812 0.376812
2296.696777 0.000000 2048.383789 0.000000 0.815352 0.000000 -0.578966 0.461661 0.461661 0.461661
2290.483887 0.000000 2046.723145 0.000000 0.765835 0.000000 -0.643038 0.431038 0.431038 0.431038
2298.950684 0.000000 2067.527832 0.000000 0.956224 0.000000 -0.292637 0.414236 0.414236 0.414236
2300.156738 0.000000 2062.449951 0.000000 0.458152 0.000000 -0.888874 0.459589 0.459589 0.459589
2296.647461 0.000000 2066.784668 0.000000 0.997957 0.000000 0.063893 0.396201 0.396201 0.396201
2302.892090 0.000000 2051.109131 0.000000 0.561339 0.000000 -0.827586 0.462301 0.462301 0.462301
2292.583496 0.000000 2047.420288 0.000000 0.987314 0.000000 0.158781 0.389968 0.389968 0.389968
2290.782959 0.000000 2051.445068 0.000000 0.348004 0.000000 -0.937493 0.472821 0.472821 0.472821
2427.923340 0.000000 2015.195190 0.000000 0.635635 0.000000 -0.771990 0.460772 0.460772 0.460772
2423.341309 0.000000 2013.404907 0.000000 0.624976 0.000000 0.780644 0.338282 0.338282 0.338282
2458.152832 0.000000 2005.259766 0.000000 0.474620 0.000000 -0.880191 0.411285 0.411285 0.411285
2459.978027 0.000000 2007.786011 0.000000 0.193513 0.000000 0.981098 0.338850 0.338850 0.338850
2468.663086 0.000000 2010.400391 0.000000 0.336959 0.000000 0.941519 0.305643 0.305643 0.305643
2475.391113 0.000000 2009.109375 0.000000 0.542791 0.000000 -0.839868 0.471688 0.471688 0.471688
2321.981689 0.000000 2045.474609 0.000000 0.519629 0.000000 -0.854392 0.404603 0.404603 0.404603
2309.659180 0.000000 2058.350098 0.000000 0.800027 0.000000 -0.599964 0.405462 0.405462 0.405462
2306.520020 0.000000 2056.847900 0.000000 0.864895 0.000000 0.501954 0.387922 0.387922 0.387922
2364.089355 0.000000 2059.723145 0.000000 0.188748 0.000000 0.982026 0.368972 0.368972 0.368972
2313.433350 0.000000 2041.785400 0.000000 0.988117 0.000000 -0.153702 0.405548 0.405548 0.405548
2312.766113 0.000000 2057.293701 0.000000 0.994649 0.000000 0.103310 0.396538 0.396538 0.396538
2369.468506 0.000000 2062.685791 0.000000 0.721922 0.000000 0.691974 0.325591 0.325591 0.325591
2318.576660 0.000000 2046.012695 0.000000 0.554504 0.000000 -0.832181 0.428959 0.428959 0.428959
2315.444580 0.000000 2055.460693 0.000000 0.207533 0.000000 -0.978228 0.461194 0.461194 0.461194
2363.649658 0.000000 2064.898926 0.000000 0.072629 0.000000 0.997359 0.348387 0.348387 0.348387
2365.787842 0.000000 2067.345215 0.000000 0.694466 0.000000 0.719526 0.369524 0.369524 0.369524
2374.746094 0.000000 2076.123779 0.000000 0.027789 0.000000 -0.999614 0.467798 0.467798 0.467798
2372.148926 0.000000 2062.449951 0.000000 0.675833 0.000000 -0.737055 0.451309 0.451309 0.451309
2314.862061 0.000000 2053.062500 0.000000 0.437537 0.000000 -0.899200 0.470891 0.470891 0.470891
2311.856445 0.000000 2043.044678 0.000000 0.824730 0.000000 -0.565526 0.438115 0.438115 0.438115
2388.536377 0.000000 2058.097900 0.000000 0.568949 0.000000 0.822373 0.397107 0.397107 0.397107
2375.780273 0.000000 2059.215088 0.000000 0.890896 0.000000 -0.454206 0.405885 0.405885 0.405885
2433.364502 0.000000 2019.442993 0.000000 0.231592 0.000000 0.972813 0.381307 0.381307 0.381307
2395.291016 0.000000 2080.044922 0.000000 0.231622 0.000000 0.972806 0.377302 0.377302 0.377302
2441.108398 0.000000 2035.578491 0.000000 0.290166 0.000000 0.956976 0.380881 0.380881 0.380881
2394.879883 0.000000 2071.344482 0.000000 0.730902 0.000000 0.682483 0.377496 0.377496 0.377496
2383.083740 0.000000 2078.429443 0.000000 0.468511 0.000000 -0.883457 0.442186 0.442186 0.442186
2387.574219 0.000000 2046.879761 0.000000 0.862247 0.000000 -0.506488 0.417768 0.417768 0.417768
2386.766602 0.000000 2050.904541 0.000000 0.699369 0.000000 -0.714760 0.477530 0.477530 0.477530
2391.816650 0.000000 2068.485840 0.000000 0.811270 0.000000 0.584672 0.380668 0.380668 0.380668
2425.177979 0.000000 2018.612061 0.000000 0.921515 0.000000 -0.388342 0.436244 0.436244 0.436244
2438.545410 0.000000 2030.966064 0.000000 0.378003 0.000000 0.925804 0.293663 0.293663 0.293663
2427.047607 0.000000 2023.911377 0.000000 0.781296 0.000000 -0.624161 0.458562 0.458562 0.458562
2395.931152 0.000000 2077.382080 0.000000 0.378324 0.000000 -0.925673 0.463784 0.463784 0.463784
2439.540039 0.000000 2033.455688 0.000000 0.508604 0.000000 0.861000 0.346138 0.346138 0.346138
2443.660400 0.000000 2025.226440 0.000000 0.687229 0.000000 -0.726441 0.444254 0.444254 0.444254
2394.234863 0.000000 2063.834717 0.000000 0.635166 0.000000 -0.772375 0.465661 0.465661 0.465661
2388.383057 0.000000 2082.558105 0.000000 0.467679 0.000000 -0.883898 0.446012 0.446012 0.446012
2429.407715 0.000000 2019.956299 0.000000 0.986058 0.000000 0.166403 0.385642 0.385642 0.385642
2391.275146 0.000000 2051.022461 0.000000 0.754605 0.000000 0.656179 0.368551 0.368551 0.368551
2388.760254 0.000000 2077.360107 0.000000 0.987732 0.000000 0.156157 0.387004 0.387004 0.387004
2388.085693 0.000000 2064.697998 0.000000 0.570701 0.000000 0.821158 0.352376 0.352376 0.352376
2392.847412 0.000000 2080.457275 0.000000 0.308840 0.000000 0.951114 0.334735 0.334735 0.334735
2431.123535 0.000000 2018.494751 0.000000 0.994456 0.000000 -0.105156 0.405418 0.405418 0.405418
2441.489014 0.000000 2024.642212 0.000000 0.666789 0.000000 0.745247 0.341218 0.341218 0.341218
2338.286621 0.000000 2142.299072 0.000000 0.584533 0.000000 0.811370 0.394329 0.394329 0.394329
2375.029297 0.000000 2150.627197 0.000000 0.990711 0.000000 -0.135981 0.401226 0.401226 0.401226
2362.663818 0.000000 2152.591309 0.000000 0.126450 0.000000 -0.991973 0.430282 0.430282 0.430282
2345.868164 0.000000 2149.174805 0.000000 1.000000 0.000000 0.000810 0.399927 0.399927 0.399927
2341.494629 0.000000 2143.326416 0.000000 0.789524 0.000000 0.613719 0.377235 0.377235 0.377235
2369.853271 0.000000 2147.084229 0.000000 0.583172 0.000000 -0.812349 0.478589 0.478589 0.478589
2343.875244 0.000000 2147.976562 0.000000 0.978081 0.000000 0.208224 0.383242 0.383242 0.383242
2401.310547 0.000000 2103.657227 0.000000 0.832406 0.000000 0.554166 0.396774 0.396774 0.396774
2398.102295 0.000000 2111.711426 0.000000 0.645537 0.000000 0.763729 0.390453 0.390453 0.390453
2396.413330 0.000000 2102.519287 0.000000 0.024360 0.000000 -0.999703 0.423164 0.423164 0.423164
2399.119629 0.000000 2107.621582 0.000000 0.542885 0.000000 -0.839807 0.419413 0.419413 0.419413
2391.816650 0.000000 2140.470215 0.000000 0.369484 0.000000 0.929237 0.294028 0.294028 0.294028
2386.533203 0.000000 2138.622314 0.000000 0.978007 0.000000 0.208574 0.382270 0.382270 0.382270
2407.440186 0.000000 2107.323730 0.000000 0.779298 0.000000 -0.626653 0.436859 0.436859 0.436859
2404.676758 0.000000 2110.316650 0.000000 0.734794 0.000000 0.678290 0.344914 0.344914 0.344914
2386.427002 0.000000 2134.509277 0.000000 0.988160 0.000000 0.153428 0.392309 0.392309 0.392309
2397.357422 0.000000 2100.241455 0.000000 0.974630 0.000000 -0.223822 0.411722 0.411722 0.411722
2386.141602 0.000000 2141.326416 0.000000 0.818113 0.000000 -0.575057 0.434568 0.434568 0.434568
2392.352539 0.000000 2097.750488 0.000000 0.561703 0.000000 0.827339 0.343079 0.343079 0.343079
2405.709717 0.000000 2105.952881 0.000000 0.869990 0.000000 0.493069 0.372710 0.372710 0.372710
2394.647461 0.000000 2093.956787 0.000000 0.678323 0.000000 0.734764 0.356319 0.356319 0.356319
2406.924561 0.000000 2109.413086 0.000000 0.414349 0.000000 -0.910118 0.467377 0.467377 0.467377
2487.697510 0.000000 2028.101196 0.000000 0.906008 0.000000 0.423261 0.348719 0.348719 0.348719
2480.927002 0.000000 2017.502075 0.000000 0.929349 0.000000 -0.369201 0.402455 0.402455 0.402455
2461.916260 0.000000 2048.901611 0.000000 0.901714 0.000000 0.432333 0.393750 0.393750 0.393750
2476.374756 0.000000 2017.433350 0.000000 0.878998 0.000000 0.476826 0.392307 0.392307 0.392307
2476.763672 0.000000 2031.913574 0.000000 0.212214 0.000000 -0.977223 0.537541 0.537541 0.537541
2480.030762 0.000000 2045.152100 0.000000 0.594357 0.000000 0.804201 0.372942 0.372942 0.372942
2460.555176 0.000000 2036.708252 0.000000 0.658643 0.000000 -0.752455 0.481233 0.481233 0.481233
2494.059326 0.000000 2037.998169 0.000000 0.097380 0.000000 -0.995247 0.440459 0.440459 0.440459
2478.931152 0.000000 2039.660034 0.000000 0.198848 0.000000 -0.980030 0.532082 0.532082 0.532082
2452.496338 0.000000 2033.443970 0.000000 0.600854 0.000000 0.799359 0.374101 0.374101 0.374101
2467.814697 0.000000 2051.604492 0.000000 0.869666 0.000000 0.493641 0.379120 0.379120 0.379120
2461.548096 0.000000 2018.984985 0.000000 0.939540 0.000000 0.342438 0.369111 0.369111 0.369111
2479.432373 0.000000 2035.339478 0.000000 0.177986 0.000000 -0.984033 0.473667 0.473667 0.473667
2485.410645 0.000000 2076.279541 0.000000 0.966660 0.000000 -0.256064 0.411378 0.411378 0.411378
2476.668945 0.000000 2038.332275 0.000000 0.987150 0.000000 -0.159796 0.411379 0.411379 0.411379
2475.869629 0.000000 2019.821045 0.000000 0.911755 0.000000 -0.410734 0.433603 0.433603 0.433603
2453.892090 0.000000 2030.510254 0.000000 0.034612 0.000000 0.999401 0.296451 0.296451 0.296451
2464.744629 0.000000 2037.330688 0.000000 0.179061 0.000000 0.983838 0.329169 0.329169 0.329169
2481.997803 0.000000 2023.102539 0.000000 0.013375 0.000000 0.999911 0.293464 0.293464 0.293464
2484.145508 0.000000 2019.897339 0.000000 0.335767 0.000000 0.941945 0.333146 0.333146 0.333146
2463.325439 0.000000 2030.223999 0.000000 0.530307 0.000000 0.847805 0.320176 0.320176 0.320176
2493.380371 0.000000 2026.781738 0.000000 0.678775 0.000000 0.734346 0.360881 0.360881 0.360881
2463.503906 0.000000 2023.677246 0.000000 0.871779 0.000000 0.489899 0.364467 0.364467 0.364467
2487.566162 0.000000 2021.974609 0.000000 0.101900 0.000000 0.994795 0.322999 0.322999 0.322999
2450.002441 0.000000 2028.583984 0.000000 0.500114 0.000000 0.865960 0.340400 0.340400 0.340400
2456.163818 0.000000 2036.482910 0.000000 0.155474 0.000000 -0.987840 0.491122 0.491122 0.491122
2485.037354 0.000000 2079.049805 0.000000 0.585462 0.000000 -0.810700 0.467971 0.467971 0.467971
2452.438721 0.000000 2037.868652 0.000000 0.014476 0.000000 0.999895 0.306750 0.306750 0.306750
2478.916748 0.000000 2037.428711 0.000000 0.914284 0.000000 -0.405073 0.427488 0.427488 0.427488
2489.536133 0.000000 2024.086060 0.000000 0.102459 0.000000 -0.994737 0.485769 0.485769 0.485769
2463.626953 0.000000 2019.486450 0.000000 0.284024 0.000000 -0.958817 0.485189 0.485189 0.485189
2476.270264 0.000000 2021.792969 0.000000 0.539685 0.000000 -0.841867 0.462459 0.462459 0.462459
2477.317871 0.000000 2044.859741 0.000000 0.872948 0.000000 0.487814 0.366668 0.366668 0.366668
2465.141113 0.000000 2034.152954 0.000000 0.901026 0.000000 -0.433765 0.428675 0.428675 0.428675
2535.138184 0.000000 2086.286865 0.000000 0.443594 0.000000 -0.896228 0.508192 0.508192 0.508192
2532.367432 0.000000 2082.558105 0.000000 0.911389 0.000000 -0.411547 0.420119 0.420119 0.420119
2540.655273 0.000000 2082.384766 0.000000 0.586097 0.000000 -0.810241 0.480649 0.480649 0.480649
2546.825928 0.000000 2076.645508 0.000000 0.995024 0.000000 -0.099636 0.406777 0.406777 0.406777
2546.999512 0.000000 2085.110107 0.000000 0.106903 0.000000 -0.994269 0.473814 0.473814 0.473814
2510.028076 0.000000 2110.639404 0.000000 0.881393 0.000000 -0.472383 0.455027 0.455027 0.455027
2476.317627 0.000000 2128.870117 0.000000 0.426423 0.000000 0.904524 0.388149 0.388149 0.388149
2498.833008 0.000000 2116.651855 0.000000 0.997431 0.000000 -0.071636 0.408198 0.408198 0.408198
2510.304932 0.000000 2118.101562 0.000000 0.727181 0.000000 0.686446 0.387156 0.387156 0.387156
2461.097900 0.000000 2101.367676 0.000000 0.452817 0.000000 -0.891603 0.432981 0.432981 0.432981
2499.311523 0.000000 2110.676270 0.000000 0.145888 0.000000 0.989301 0.356616 0.356616 0.356616
2496.004883 0.000000 2115.241943 0.000000 0.387310 0.000000 -0.921949 0.514218 0.514218 0.514218
2472.853516 0.000000 2096.461670 0.000000 0.766831 0.000000 0.641849 0.372162 0.372162 0.372162
2467.232178 0.000000 2099.123291 0.000000 0.953579 0.000000 -0.301144 0.427645 0.427645 0.427645
2506.460449 0.000000 2118.707520 0.000000 0.602063 0.000000 -0.798448 0.434167 0.434167 0.434167
2492.249023 0.000000 2119.116455 0.000000 0.650611 0.000000 -0.759411 0.471050 0.471050 0.471050
2472.534912 0.000000 2125.497559 0.000000 0.468254 0.000000 0.883594 0.349147 0.349147 0.349147
2467.153320 0.000000 2131.388672 0.000000 0.412145 0.000000 0.911118 0.354796 0.354796 0.354796
2478.555176 0.000000 2087.683350 0.000000 0.855478 0.000000 0.517838 0.372550 0.372550 0.372550
2512.099121 0.000000 2115.970703 0.000000 0.238988 0.000000 0.971023 0.279185 0.279185 0.279185
2471.566406 0.000000 2135.199219 0.000000 0.337693 0.000000 -0.941256 0.461232 0.461232 0.461232
2485.487305 0.000000 2098.584229 0.000000 0.816757 0.000000 0.576982 0.368677 0.368677 0.368677
2471.590576 0.000000 2094.148193 0.000000 0.515990 0.000000 0.856594 0.349667 0.349667 0.349667
2474.046631 0.000000 2130.629395 0.000000 0.981462 0.000000 0.191657 0.390660 0.390660 0.390660
2506.125244 0.000000 2106.142090 0.000000 0.997981 0.000000 -0.063513 0.404728 0.404728 0.404728
2504.196533 0.000000 2110.981201 0.000000 0.664308 0.000000 0.747459 0.335927 0.335927 0.335927
2489.065186 0.000000 2098.066895 0.000000 0.797383 0.000000 0.603474 0.355684 0.355684 0.355684
2482.402832 0.000000 2087.628906 0.000000 0.998609 0.000000 -0.052727 0.403661 0.403661 0.403661
2484.145508 0.000000 2091.881592 0.000000 0.365808 0.000000 0.930690 0.327724 0.327724 0.327724
2463.325439 0.000000 2102.208496 0.000000 0.904546 0.000000 -0.426377 0.420894 0.420894 0.420894
2467.123047 0.000000 2104.474854 0.000000 0.741599 0.000000 -0.670843 0.455075 0.455075 0.455075
2472.819580 0.000000 2098.664795 0.000000 0.541814 0.000000 -0.840498 0.460308 0.460308 0.460308
2489.183838 0.000000 2092.015869 0.000000 0.389306 0.000000 -0.921109 0.480097 0.480097 0.480097
2541.820068 0.000000 2097.698975 0.000000 0.071134 0.000000 0.997467 0.395507 0.395507 0.395507
2545.294922 0.000000 2103.657227 0.000000 0.523989 0.000000 -0.851725 0.407634 0.407634 0.407634
2543.104004 0.000000 2107.621582 0.000000 0.767385 0.000000 -0.641187 0.412511 0.412511 0.412511
2519.806641 0.000000 2108.447266 0.000000 0.985543 0.000000 -0.169428 0.404080 0.404080 0.404080
2543.776123 0.000000 2100.626465 0.000000 0.157874 0.000000 0.987459 0.367563 0.367563 0.367563
2538.897949 0.000000 2110.314941 0.000000 0.815810 0.000000 0.578321 0.380294 0.380294 0.380294
2539.224365 0.000000 2099.123291 0.000000 0.778034 0.000000 -0.628222 0.422385 0.422385 0.422385
2541.235840 0.000000 2109.313477 0.000000 0.675394 0.000000 0.737457 0.364804 0.364804 0.364804
2538.163330 0.000000 2101.641846 0.000000 0.661604 0.000000 0.749854 0.338193 0.338193 0.338193
2541.341797 0.000000 2100.241455 0.000000 0.339465 0.000000 -0.940619 0.468474 0.468474 0.468474
2536.736816 0.000000 2109.314941 0.000000 0.999993 0.000000 0.003812 0.399720 0.399720 0.399720
2535.317627 0.000000 2102.208496 0.000000 0.600309 0.000000 0.799769 0.353719 0.353719 0.353719
2541.572266 0.000000 2088.077393 0.000000 0.720714 0.000000 0.693233 0.351811 0.351811 0.351811
2538.277832 0.000000 2089.346680 0.000000 1.000000 0.000000 0.000512 0.399965 0.399965 0.399965
"}
