object={
	name="tree_leaf_2_high_generator_1_0"
	render_pass=Map
	clamp_to_water_level=no
	generated_content=yes
	layer="tree_high_layer"
	pdxmesh="tree_leaf_01_a_mesh"
	count=203
	transform="2289.917236 0.000000 2057.002441 0.000000 0.633620 0.000000 0.773644 0.596025 0.596025 0.596025
2303.296387 0.000000 2068.270752 0.000000 0.914737 0.000000 0.404050 0.575078 0.575078 0.575078
2297.707764 0.000000 2055.156494 0.000000 0.036952 0.000000 0.999317 0.450657 0.450657 0.450657
2302.030273 0.000000 2063.186279 0.000000 0.962815 0.000000 0.270161 0.550827 0.550827 0.550827
2292.178711 0.000000 2066.498291 0.000000 0.122589 0.000000 0.992458 0.415648 0.415648 0.415648
2298.815918 0.000000 2063.519531 0.000000 0.750986 0.000000 0.660319 0.368801 0.368801 0.368801
2296.802979 0.000000 2061.141357 0.000000 0.655009 0.000000 0.755621 0.330543 0.330543 0.330543
2298.573975 0.000000 2066.021729 0.000000 0.293031 0.000000 0.956103 0.346307 0.346307 0.346307
2302.959473 0.000000 2061.918945 0.000000 0.964708 0.000000 0.263322 0.553699 0.553699 0.553699
2294.405518 0.000000 2063.466797 0.000000 0.976462 0.000000 0.215689 0.541709 0.541709 0.541709
2292.798828 0.000000 2063.961670 0.000000 0.999878 0.000000 0.015590 0.596964 0.596964 0.596964
2300.731934 0.000000 2063.834961 0.000000 0.586807 0.000000 0.809726 0.361106 0.361106 0.361106
2297.213379 0.000000 2056.748047 0.000000 0.291805 0.000000 0.956478 0.380421 0.380421 0.380421
2299.997070 0.000000 2066.347656 0.000000 0.887424 0.000000 0.460954 0.504557 0.504557 0.504557
2296.228027 0.000000 2065.510498 0.000000 0.911221 0.000000 0.411918 0.483620 0.483620 0.483620
2293.693115 0.000000 2088.393066 0.000000 0.985534 0.000000 0.169476 0.598214 0.598214 0.598214
2297.470459 0.000000 2102.763428 0.000000 0.269693 0.000000 0.962946 0.104307 0.104307 0.104307
2298.880859 0.000000 2094.721680 0.000000 0.999916 0.000000 0.012994 0.595037 0.595037 0.595037
2291.252930 0.000000 2095.763672 0.000000 0.899771 0.000000 0.436361 0.427520 0.427520 0.427520
2300.866943 0.000000 2110.974365 0.000000 0.755917 0.000000 0.654668 0.327370 0.327370 0.327370
2292.635010 0.000000 2105.300781 0.000000 0.731306 0.000000 0.682049 0.313307 0.313307 0.313307
2301.524658 0.000000 2099.098389 0.000000 0.690059 0.000000 0.723754 0.290898 0.290898 0.290898
2301.262451 0.000000 2106.071533 0.000000 0.970829 0.000000 0.239774 0.507512 0.507512 0.507512
2293.291260 0.000000 2100.218994 0.000000 0.829949 0.000000 0.557838 0.373957 0.373957 0.373957
2297.124023 0.000000 2107.562744 0.000000 0.242192 0.000000 0.970228 0.093440 0.093440 0.093440
2302.250000 0.000000 2114.903076 0.000000 0.813650 0.000000 0.581355 0.511716 0.511716 0.511716
2302.472412 0.000000 2102.612305 0.000000 0.097008 0.000000 0.995284 0.037113 0.037113 0.037113
2301.372070 0.000000 2092.224121 0.000000 0.575311 0.000000 0.817935 0.234143 0.234143 0.234143
2303.735352 0.000000 2112.150879 0.000000 0.813043 0.000000 0.582204 0.446407 0.446407 0.446407
2302.061523 0.000000 2117.986328 0.000000 0.005672 0.000000 0.999984 0.503878 0.503878 0.503878
2292.195557 0.000000 2090.970215 0.000000 0.929922 0.000000 0.367757 0.551486 0.551486 0.551486
2288.175049 0.000000 2096.468262 0.000000 0.115532 0.000000 0.993304 0.044229 0.044229 0.044229
2298.571777 0.000000 2105.253174 0.000000 0.821512 0.000000 0.570191 0.368243 0.368243 0.368243
2299.851562 0.000000 2108.519287 0.000000 0.846016 0.000000 0.533157 0.385206 0.385206 0.385206
2297.484131 0.000000 2092.381348 0.000000 0.565859 0.000000 0.824502 0.229747 0.229747 0.229747
2295.775391 0.000000 2100.642578 0.000000 0.982572 0.000000 0.185885 0.528582 0.528582 0.528582
2292.883301 0.000000 2097.697510 0.000000 0.302513 0.000000 0.953145 0.117391 0.117391 0.117391
2296.476318 0.000000 2094.663818 0.000000 0.637242 0.000000 0.770663 0.263910 0.263910 0.263910
2303.566895 0.000000 2104.828125 0.000000 0.412926 0.000000 0.910765 0.162592 0.162592 0.162592
2299.636230 0.000000 2090.650391 0.000000 0.396566 0.000000 0.918006 0.446693 0.446693 0.446693
2294.810791 0.000000 2090.427490 0.000000 0.046794 0.000000 0.998905 0.296385 0.296385 0.296385
2291.272705 0.000000 2099.398438 0.000000 0.916616 0.000000 0.399769 0.442908 0.442908 0.442908
2294.758301 0.000000 2098.745361 0.000000 0.409977 0.000000 0.912096 0.161356 0.161356 0.161356
2289.385010 0.000000 2101.190918 0.000000 0.606057 0.000000 0.795422 0.248699 0.248699 0.248699
2303.334229 0.000000 2093.085205 0.000000 0.700886 0.000000 0.713273 0.296654 0.296654 0.296654
2302.939941 0.000000 2110.379883 0.000000 0.142117 0.000000 0.989850 0.054469 0.054469 0.054469
2287.354980 0.000000 2098.258301 0.000000 0.813595 0.000000 0.581431 0.482890 0.482890 0.482890
2292.716553 0.000000 2103.257812 0.000000 0.441542 0.000000 0.897241 0.174682 0.174682 0.174682
2302.913574 0.000000 2100.555908 0.000000 0.756612 0.000000 0.653864 0.327776 0.327776 0.327776
2293.878906 0.000000 2106.660889 0.000000 0.997234 0.000000 0.074320 0.571586 0.571586 0.571586
2302.982666 0.000000 2106.706787 0.000000 0.981362 0.000000 0.192166 0.526138 0.526138 0.526138
2290.920898 0.000000 2092.395264 0.000000 0.743989 0.000000 0.668192 0.392828 0.392828 0.392828
2299.276855 0.000000 2106.866943 0.000000 0.252892 0.000000 0.967494 0.097658 0.097658 0.097658
2297.979980 0.000000 2101.104980 0.000000 0.792758 0.000000 0.609537 0.349627 0.349627 0.349627
2303.714111 0.000000 2113.802734 0.000000 0.658326 0.000000 0.752733 0.389371 0.389371 0.389371
2294.188232 0.000000 2104.538330 0.000000 0.477864 0.000000 0.878434 0.190306 0.190306 0.190306
2298.278320 0.000000 2108.678467 0.000000 0.201088 0.000000 0.979573 0.077337 0.077337 0.077337
2298.971436 0.000000 2103.235596 0.000000 0.715794 0.000000 0.698311 0.304722 0.304722 0.304722
2290.451904 0.000000 2107.694824 0.000000 0.622457 0.000000 0.782654 0.379171 0.379171 0.379171
2301.489502 0.000000 2101.259033 0.000000 0.495906 0.000000 0.868376 0.198197 0.198197 0.198197
2295.953857 0.000000 2102.244873 0.000000 0.778469 0.000000 0.627683 0.340804 0.340804 0.340804
2296.112549 0.000000 2093.094971 0.000000 0.241787 0.000000 0.970329 0.093280 0.093280 0.093280
2297.211670 0.000000 2105.942139 0.000000 0.115557 0.000000 0.993301 0.044238 0.044238 0.044238
2293.249512 0.000000 2101.791748 0.000000 0.242974 0.000000 0.970033 0.093748 0.093748 0.093748
2295.626221 0.000000 2107.030029 0.000000 0.635310 0.000000 0.772258 0.262953 0.262953 0.262953
2300.722900 0.000000 2096.063232 0.000000 0.920784 0.000000 0.390073 0.446940 0.446940 0.446940
2301.349365 0.000000 2109.533203 0.000000 0.920538 0.000000 0.390654 0.446699 0.446699 0.446699
2301.161377 0.000000 2107.602295 0.000000 0.066122 0.000000 0.997812 0.025275 0.025275 0.025275
2295.615723 0.000000 2103.987305 0.000000 0.787708 0.000000 0.616049 0.346479 0.346479 0.346479
2297.734131 0.000000 2093.858398 0.000000 0.700239 0.000000 0.713908 0.296308 0.296308 0.296308
2302.007324 0.000000 2093.523193 0.000000 0.134135 0.000000 0.990963 0.051391 0.051391 0.051391
2302.147949 0.000000 2111.575928 0.000000 0.999640 0.000000 0.026816 0.589756 0.589756 0.589756
2296.094238 0.000000 2090.023193 0.000000 0.117288 0.000000 0.993098 0.306126 0.306126 0.306126
2290.090332 0.000000 2100.045410 0.000000 0.994103 0.000000 0.108436 0.558499 0.558499 0.558499
2294.429688 0.000000 2100.990967 0.000000 0.971977 0.000000 0.235075 0.509360 0.509360 0.509360
2293.934326 0.000000 2096.806885 0.000000 0.178716 0.000000 0.983901 0.068633 0.068633 0.068633
2292.498535 0.000000 2096.392578 0.000000 0.262199 0.000000 0.965014 0.101337 0.101337 0.101337
2300.374756 0.000000 2098.366699 0.000000 0.804578 0.000000 0.593847 0.357130 0.357130 0.357130
2292.173096 0.000000 2094.842529 0.000000 0.618992 0.000000 0.785397 0.254950 0.254950 0.254950
2291.623779 0.000000 2098.052734 0.000000 0.003103 0.000000 0.999995 0.001185 0.001185 0.001185
2306.909180 0.000000 2060.498779 0.000000 0.794461 0.000000 0.607315 0.580447 0.580447 0.580447
2303.790771 0.000000 2056.791504 0.000000 0.996675 0.000000 0.081477 0.592303 0.592303 0.592303
2305.439697 0.000000 2105.386230 0.000000 0.272700 0.000000 0.962099 0.105500 0.105500 0.105500
2314.634277 0.000000 2099.073730 0.000000 0.948018 0.000000 0.318216 0.556341 0.556341 0.556341
2313.651123 0.000000 2110.416992 0.000000 0.718685 0.000000 0.695336 0.306307 0.306307 0.306307
2325.828613 0.000000 2130.544922 0.000000 0.914319 0.000000 0.404994 0.556903 0.556903 0.556903
2321.281250 0.000000 2124.615479 0.000000 0.546846 0.000000 0.837233 0.221006 0.221006 0.221006
2309.659180 0.000000 2130.334473 0.000000 0.228408 0.000000 0.973565 0.282775 0.282775 0.282775
2306.857666 0.000000 2120.782959 0.000000 0.713705 0.000000 0.700446 0.394250 0.394250 0.394250
2312.937256 0.000000 2126.004395 0.000000 0.169532 0.000000 0.985525 0.065071 0.065071 0.065071
2308.718750 0.000000 2124.692383 0.000000 0.411847 0.000000 0.911253 0.162139 0.162139 0.162139
2307.440430 0.000000 2094.152832 0.000000 0.880672 0.000000 0.473727 0.411490 0.411490 0.411490
2303.885254 0.000000 2101.596191 0.000000 0.448534 0.000000 0.893766 0.177664 0.177664 0.177664
2313.242188 0.000000 2132.464600 0.000000 0.374310 0.000000 0.927303 0.319036 0.319036 0.319036
2303.777100 0.000000 2095.066895 0.000000 0.998385 0.000000 0.056804 0.578291 0.578291 0.578291
2312.752441 0.000000 2116.934814 0.000000 0.279374 0.000000 0.960182 0.108152 0.108152 0.108152
2303.830078 0.000000 2108.447266 0.000000 0.916232 0.000000 0.400647 0.442542 0.442542 0.442542
2317.113525 0.000000 2101.367676 0.000000 0.268429 0.000000 0.963299 0.319796 0.319796 0.319796
2319.548340 0.000000 2115.181152 0.000000 0.098535 0.000000 0.995134 0.037699 0.037699 0.037699
2321.717773 0.000000 2121.443848 0.000000 0.938721 0.000000 0.344677 0.465586 0.465586 0.465586
2314.033203 0.000000 2102.276123 0.000000 0.052758 0.000000 0.998607 0.020162 0.020162 0.020162
2318.565918 0.000000 2127.601562 0.000000 0.535995 0.000000 0.844221 0.216076 0.216076 0.216076
2316.368896 0.000000 2112.587402 0.000000 0.999712 0.000000 0.023981 0.590839 0.590839 0.590839
2316.570801 0.000000 2108.692627 0.000000 0.775813 0.000000 0.630963 0.339192 0.339192 0.339192
2310.420410 0.000000 2122.127441 0.000000 0.987069 0.000000 0.160295 0.538507 0.538507 0.538507
2315.444580 0.000000 2127.445068 0.000000 0.456841 0.000000 0.889549 0.181223 0.181223 0.181223
2306.869141 0.000000 2107.952637 0.000000 0.899503 0.000000 0.436914 0.427286 0.427286 0.427286
2323.168945 0.000000 2131.388672 0.000000 0.961296 0.000000 0.275519 0.505087 0.505087 0.505087
2323.830322 0.000000 2123.588867 0.000000 0.167844 0.000000 0.985814 0.064417 0.064417 0.064417
2306.325928 0.000000 2123.465820 0.000000 0.516588 0.000000 0.856234 0.327460 0.327460 0.327460
2319.282959 0.000000 2123.006836 0.000000 0.009646 0.000000 0.999953 0.003685 0.003685 0.003685
2303.830566 0.000000 2097.952148 0.000000 0.573910 0.000000 0.818918 0.233489 0.233489 0.233489
2312.199219 0.000000 2098.204346 0.000000 0.133699 0.000000 0.991022 0.290102 0.290102 0.290102
2323.290527 0.000000 2126.095703 0.000000 0.267205 0.000000 0.963640 0.103320 0.103320 0.103320
2312.503662 0.000000 2123.681641 0.000000 0.976567 0.000000 0.215215 0.517146 0.517146 0.517146
2304.633545 0.000000 2112.318848 0.000000 0.787761 0.000000 0.615981 0.346512 0.346512 0.346512
2320.068115 0.000000 2119.766602 0.000000 0.982466 0.000000 0.186442 0.528365 0.528365 0.528365
2305.288330 0.000000 2093.268066 0.000000 0.676132 0.000000 0.736781 0.480890 0.480890 0.480890
2308.285400 0.000000 2112.088867 0.000000 0.916440 0.000000 0.400172 0.442741 0.442741 0.442741
2306.018066 0.000000 2100.568359 0.000000 0.913352 0.000000 0.407171 0.439818 0.439818 0.439818
2312.179443 0.000000 2108.467285 0.000000 0.475071 0.000000 0.879948 0.189093 0.189093 0.189093
2320.279785 0.000000 2112.964844 0.000000 0.397872 0.000000 0.917441 0.466020 0.466020 0.466020
2309.639648 0.000000 2094.316895 0.000000 0.954112 0.000000 0.299450 0.558546 0.558546 0.558546
2305.473633 0.000000 2103.072510 0.000000 0.721085 0.000000 0.692847 0.307627 0.307627 0.307627
2310.998291 0.000000 2125.151123 0.000000 0.999988 0.000000 0.004835 0.598153 0.598153 0.598153
2315.161621 0.000000 2120.871582 0.000000 0.616386 0.000000 0.787444 0.253685 0.253685 0.253685
2317.782227 0.000000 2114.082275 0.000000 0.578228 0.000000 0.815875 0.235507 0.235507 0.235507
2304.978271 0.000000 2117.392822 0.000000 0.349647 0.000000 0.936881 0.398214 0.398214 0.398214
2308.476074 0.000000 2128.369141 0.000000 0.277342 0.000000 0.960771 0.258039 0.258039 0.258039
2316.067139 0.000000 2103.066895 0.000000 0.999957 0.000000 0.009307 0.596445 0.596445 0.596445
2316.235107 0.000000 2106.728271 0.000000 0.514790 0.000000 0.857316 0.206556 0.206556 0.206556
2308.464600 0.000000 2100.492920 0.000000 0.157200 0.000000 0.987567 0.060296 0.060296 0.060296
2314.402100 0.000000 2115.517578 0.000000 0.389255 0.000000 0.921130 0.152721 0.152721 0.152721
2304.446045 0.000000 2110.284912 0.000000 0.122845 0.000000 0.992426 0.047042 0.047042 0.047042
2321.002441 0.000000 2131.132568 0.000000 0.820168 0.000000 0.572123 0.384679 0.384679 0.384679
2321.201416 0.000000 2111.157715 0.000000 0.993841 0.000000 0.110816 0.573386 0.573386 0.573386
2323.872070 0.000000 2117.153809 0.000000 0.980586 0.000000 0.196091 0.524610 0.524610 0.524610
2307.060547 0.000000 2104.153809 0.000000 0.069335 0.000000 0.997593 0.026505 0.026505 0.026505
2306.223877 0.000000 2118.996094 0.000000 0.600014 0.000000 0.799990 0.516660 0.516660 0.516660
2314.661133 0.000000 2108.785889 0.000000 0.925482 0.000000 0.378792 0.451607 0.451607 0.451607
2305.904541 0.000000 2115.587891 0.000000 0.905138 0.000000 0.425118 0.432279 0.432279 0.432279
2303.809814 0.000000 2103.945557 0.000000 0.515541 0.000000 0.856865 0.206891 0.206891 0.206891
2311.016357 0.000000 2109.891846 0.000000 0.759591 0.000000 0.650402 0.329521 0.329521 0.329521
2315.309570 0.000000 2100.899902 0.000000 0.896249 0.000000 0.443552 0.452686 0.452686 0.452686
2313.643555 0.000000 2127.678711 0.000000 0.499378 0.000000 0.866384 0.199726 0.199726 0.199726
2311.921143 0.000000 2130.926758 0.000000 0.976641 0.000000 0.214879 0.526361 0.526361 0.526361
2311.008545 0.000000 2113.393311 0.000000 0.517063 0.000000 0.855947 0.207570 0.207570 0.207570
2317.917480 0.000000 2103.328369 0.000000 0.152026 0.000000 0.988376 0.058296 0.058296 0.058296
2311.111328 0.000000 2120.486328 0.000000 0.152521 0.000000 0.988300 0.058487 0.058487 0.058487
2305.206299 0.000000 2107.193115 0.000000 0.999220 0.000000 0.039481 0.584915 0.584915 0.584915
2304.306885 0.000000 2099.739746 0.000000 0.084571 0.000000 0.996417 0.032343 0.032343 0.032343
2317.059570 0.000000 2126.661865 0.000000 0.345017 0.000000 0.938596 0.134552 0.134552 0.134552
2315.358398 0.000000 2114.047852 0.000000 0.846321 0.000000 0.532674 0.385425 0.385425 0.385425
2315.160645 0.000000 2117.107666 0.000000 0.982873 0.000000 0.184282 0.529205 0.529205 0.529205
2317.031006 0.000000 2128.401123 0.000000 0.944440 0.000000 0.328685 0.472073 0.472073 0.472073
2322.149414 0.000000 2123.139893 0.000000 0.716337 0.000000 0.697754 0.305019 0.305019 0.305019
2308.460938 0.000000 2107.310059 0.000000 0.087750 0.000000 0.996143 0.033561 0.033561 0.033561
2317.978760 0.000000 2106.426025 0.000000 0.372819 0.000000 0.927904 0.145931 0.145931 0.145931
2322.484131 0.000000 2127.568848 0.000000 0.482015 0.000000 0.876163 0.192114 0.192114 0.192114
2318.334961 0.000000 2112.493408 0.000000 0.931764 0.000000 0.363063 0.472548 0.472548 0.472548
2317.179688 0.000000 2119.380371 0.000000 0.595106 0.000000 0.803647 0.243468 0.243468 0.243468
2320.025146 0.000000 2121.499512 0.000000 0.761049 0.000000 0.648694 0.330379 0.330379 0.330379
2321.567383 0.000000 2119.098633 0.000000 0.500193 0.000000 0.865914 0.200085 0.200085 0.200085
2311.996582 0.000000 2127.645996 0.000000 0.170371 0.000000 0.985380 0.065396 0.065396 0.065396
2303.881836 0.000000 2106.191650 0.000000 0.740434 0.000000 0.672129 0.318456 0.318456 0.318456
2313.003418 0.000000 2103.583496 0.000000 0.010718 0.000000 0.999943 0.004094 0.004094 0.004094
2313.331543 0.000000 2122.147461 0.000000 0.951720 0.000000 0.306968 0.480823 0.480823 0.480823
2314.904297 0.000000 2129.006104 0.000000 0.550074 0.000000 0.835116 0.222481 0.222481 0.222481
2306.252930 0.000000 2112.307617 0.000000 0.758195 0.000000 0.652028 0.328702 0.328702 0.328702
2319.474365 0.000000 2132.818115 0.000000 0.932925 0.000000 0.360070 0.474752 0.474752 0.474752
2316.944336 0.000000 2131.573242 0.000000 0.255576 0.000000 0.966789 0.098718 0.098718 0.098718
2318.278320 0.000000 2124.064209 0.000000 0.836906 0.000000 0.547346 0.378766 0.378766 0.378766
2309.570312 0.000000 2112.848633 0.000000 0.500318 0.000000 0.865842 0.200140 0.200140 0.200140
2312.605713 0.000000 2107.090332 0.000000 0.887443 0.000000 0.460918 0.417025 0.417025 0.417025
2315.927490 0.000000 2123.925781 0.000000 0.108617 0.000000 0.994084 0.041571 0.041571 0.041571
2317.759277 0.000000 2107.853760 0.000000 0.951650 0.000000 0.307184 0.480736 0.480736 0.480736
2313.628174 0.000000 2098.064453 0.000000 0.147304 0.000000 0.989091 0.293066 0.293066 0.293066
2312.237305 0.000000 2110.668457 0.000000 0.064627 0.000000 0.997909 0.024703 0.024703 0.024703
2324.556152 0.000000 2126.782227 0.000000 0.523386 0.000000 0.852096 0.239427 0.239427 0.239427
2316.531982 0.000000 2121.440674 0.000000 0.451252 0.000000 0.892397 0.178827 0.178827 0.178827
2307.101318 0.000000 2109.470947 0.000000 0.905499 0.000000 0.424348 0.432604 0.432604 0.432604
2322.770508 0.000000 2116.205322 0.000000 0.996141 0.000000 0.087768 0.566432 0.566432 0.566432
2309.735352 0.000000 2106.613281 0.000000 0.400733 0.000000 0.916195 0.157493 0.157493 0.157493
2314.482666 0.000000 2126.397949 0.000000 0.490052 0.000000 0.871693 0.195627 0.195627 0.195627
2310.662109 0.000000 2117.981934 0.000000 0.728054 0.000000 0.685520 0.311490 0.311490 0.311490
2307.354248 0.000000 2124.562012 0.000000 0.997965 0.000000 0.063761 0.583083 0.583083 0.583083
2318.730957 0.000000 2119.402100 0.000000 0.716820 0.000000 0.697258 0.305284 0.305284 0.305284
2306.025879 0.000000 2094.434570 0.000000 0.946420 0.000000 0.322937 0.474396 0.474396 0.474396
2312.021729 0.000000 2133.090576 0.000000 0.468264 0.000000 0.883589 0.343572 0.343572 0.343572
2311.248779 0.000000 2126.470703 0.000000 0.737834 0.000000 0.674982 0.316982 0.316982 0.316982
2315.572754 0.000000 2133.747559 0.000000 0.176892 0.000000 0.984230 0.126349 0.126349 0.126349
2320.005371 0.000000 2124.157959 0.000000 0.854988 0.000000 0.518649 0.391722 0.391722 0.391722
2307.582275 0.000000 2097.700439 0.000000 0.161063 0.000000 0.986944 0.061791 0.061791 0.061791
2314.366455 0.000000 2133.151367 0.000000 0.978480 0.000000 0.206342 0.529330 0.529330 0.529330
2308.748047 0.000000 2101.810547 0.000000 0.340201 0.000000 0.940353 0.132594 0.132594 0.132594
2305.116943 0.000000 2097.655273 0.000000 0.699924 0.000000 0.714217 0.296140 0.296140 0.296140
2318.017334 0.000000 2125.732666 0.000000 0.895706 0.000000 0.444648 0.423995 0.423995 0.423995
2322.137939 0.000000 2130.502441 0.000000 0.901597 0.000000 0.432577 0.447888 0.447888 0.447888
2315.247803 0.000000 2107.575195 0.000000 0.209577 0.000000 0.977792 0.080650 0.080650 0.080650
2313.096680 0.000000 2115.653076 0.000000 0.924024 0.000000 0.382336 0.450144 0.450144 0.450144
2313.286133 0.000000 2131.146729 0.000000 0.955274 0.000000 0.295721 0.488926 0.488926 0.488926
2307.253662 0.000000 2100.976807 0.000000 0.502701 0.000000 0.864460 0.201192 0.201192 0.201192
2306.050537 0.000000 2101.916016 0.000000 0.986810 0.000000 0.161883 0.537892 0.537892 0.537892
"}
object={
	name="tree_leaf_2_high_generator_1_1"
	render_pass=Map
	clamp_to_water_level=no
	generated_content=yes
	layer="tree_high_layer"
	pdxmesh="tree_leaf_01_b_mesh"
	count=174
	transform="2300.261475 0.000000 2069.928223 0.000000 0.395022 0.000000 -0.918672 0.716891 0.716891 0.716891
2302.054932 0.000000 2058.337646 0.000000 0.863271 0.000000 -0.504740 0.675290 0.675290 0.675290
2294.840820 0.000000 2068.936035 0.000000 0.759289 0.000000 -0.650754 0.676421 0.676421 0.676421
2290.640869 0.000000 2060.776611 0.000000 0.984118 0.000000 -0.177515 0.620584 0.620584 0.620584
2301.691895 0.000000 2064.842041 0.000000 0.178448 0.000000 -0.983949 0.908462 0.908462 0.908462
2300.051758 0.000000 2057.798828 0.000000 0.334573 0.000000 -0.942370 0.773140 0.773140 0.773140
2296.133301 0.000000 2063.533691 0.000000 0.089071 0.000000 -0.996025 1.086036 1.086036 1.086036
2292.012451 0.000000 2061.491455 0.000000 0.899199 0.000000 -0.437539 0.685472 0.685472 0.685472
2294.106689 0.000000 2056.801758 0.000000 0.672562 0.000000 -0.740041 0.723549 0.723549 0.723549
2294.974609 0.000000 2066.337646 0.000000 0.128219 0.000000 -0.991746 0.850600 0.850600 0.850600
2300.163086 0.000000 2060.935303 0.000000 0.461266 0.000000 -0.887262 0.868107 0.868107 0.868107
2301.399658 0.000000 2062.009033 0.000000 0.823727 0.000000 -0.566986 0.752610 0.752610 0.752610
2287.736816 0.000000 2102.714600 0.000000 0.318942 0.000000 -0.947774 0.725069 0.725069 0.725069
2294.651367 0.000000 2092.670654 0.000000 0.999349 0.000000 -0.036081 0.613785 0.613785 0.613785
2302.842773 0.000000 2095.312744 0.000000 0.739983 0.000000 -0.672626 0.881800 0.881800 0.881800
2295.329102 0.000000 2096.764404 0.000000 0.084797 0.000000 -0.996398 1.167571 1.167571 1.167571
2289.143066 0.000000 2098.990967 0.000000 0.996849 0.000000 -0.079318 0.630329 0.630329 0.630329
2298.111084 0.000000 2099.419434 0.000000 0.246349 0.000000 -0.969181 1.104923 1.104923 1.104923
2290.938721 0.000000 2102.486572 0.000000 0.350967 0.000000 -0.936388 1.063024 1.063024 1.063024
2294.561035 0.000000 2102.950439 0.000000 0.974356 0.000000 -0.225011 0.686690 0.686690 0.686690
2292.141357 0.000000 2108.257812 0.000000 0.643314 0.000000 -0.765603 0.887355 0.887355 0.887355
2302.499756 0.000000 2108.463867 0.000000 0.905705 0.000000 -0.423908 0.767210 0.767210 0.767210
2299.948975 0.000000 2101.546631 0.000000 0.703402 0.000000 -0.710792 0.901996 0.901996 0.901996
2295.555664 0.000000 2105.440186 0.000000 0.591669 0.000000 -0.806181 0.958163 0.958163 0.958163
2299.676025 0.000000 2097.210693 0.000000 0.025776 0.000000 -0.999668 1.190153 1.190153 1.190153
2292.304932 0.000000 2093.520020 0.000000 0.185885 0.000000 -0.982571 1.128582 1.128582 1.128582
2289.379883 0.000000 2094.011719 0.000000 0.582188 0.000000 -0.813054 0.868777 0.868777 0.868777
2300.406494 0.000000 2103.893066 0.000000 0.352346 0.000000 -0.935870 1.062461 1.062461 1.062461
2293.486084 0.000000 2095.494385 0.000000 0.537261 0.000000 -0.843416 0.983351 0.983351 0.983351
2297.504639 0.000000 2096.626465 0.000000 0.981977 0.000000 -0.189003 0.672631 0.672631 0.672631
2287.431885 0.000000 2100.384766 0.000000 0.110170 0.000000 -0.993913 0.864697 0.864697 0.864697
2289.497070 0.000000 2104.101562 0.000000 0.768352 0.000000 -0.640027 0.771660 0.771660 0.771660
2300.948975 0.000000 2094.519775 0.000000 0.904283 0.000000 -0.426933 0.768487 0.768487 0.768487
2301.935547 0.000000 2097.130371 0.000000 0.292391 0.000000 -0.956299 1.086659 1.086659 1.086659
2299.466064 0.000000 2092.792236 0.000000 0.775546 0.000000 -0.631291 0.860969 0.860969 0.860969
2290.404541 0.000000 2097.523438 0.000000 0.330399 0.000000 -0.943842 1.071380 1.071380 1.071380
2296.479004 0.000000 2098.222168 0.000000 0.857105 0.000000 -0.515142 0.806713 0.806713 0.806713
2297.015625 0.000000 2104.380859 0.000000 0.795211 0.000000 -0.606333 0.848832 0.848832 0.848832
2296.931885 0.000000 2111.748535 0.000000 0.270243 0.000000 -0.962792 0.908943 0.908943 0.908943
2291.096191 0.000000 2104.638672 0.000000 0.120649 0.000000 -0.992695 1.153803 1.153803 1.153803
2294.725830 0.000000 2094.344238 0.000000 0.903660 0.000000 -0.428250 0.769044 0.769044 0.769044
2291.847412 0.000000 2101.023682 0.000000 0.600303 0.000000 -0.799772 0.954056 0.954056 0.954056
2296.123047 0.000000 2091.460693 0.000000 0.800347 0.000000 -0.599537 0.730012 0.730012 0.730012
2299.894043 0.000000 2099.726807 0.000000 0.900514 0.000000 -0.434828 0.771829 0.771829 0.771829
2303.115967 0.000000 2098.346924 0.000000 0.994715 0.000000 -0.102671 0.639287 0.639287 0.639287
2291.711426 0.000000 2106.672363 0.000000 0.976644 0.000000 -0.214865 0.653199 0.653199 0.653199
2301.969971 0.000000 2104.550293 0.000000 0.749050 0.000000 -0.662513 0.876612 0.876612 0.876612
2286.107910 0.000000 2099.323242 0.000000 0.798870 0.000000 -0.601504 0.721809 0.721809 0.721809
2293.438232 0.000000 2109.167236 0.000000 0.999627 0.000000 -0.027324 0.609006 0.609006 0.609006
2289.645996 0.000000 2095.810059 0.000000 0.574973 0.000000 -0.818173 0.871282 0.871282 0.871282
2299.670898 0.000000 2110.024658 0.000000 0.986594 0.000000 -0.163195 0.660897 0.660897 0.660897
2293.247070 0.000000 2092.061279 0.000000 0.866397 0.000000 -0.499356 0.799716 0.799716 0.799716
2298.280518 0.000000 2097.903564 0.000000 0.595049 0.000000 -0.803689 0.956559 0.956559 0.956559
2290.871094 0.000000 2094.082031 0.000000 0.833542 0.000000 -0.552456 0.823571 0.823571 0.823571
2288.123779 0.000000 2094.955811 0.000000 0.101112 0.000000 -0.994875 1.016031 1.016031 1.016031
2288.117188 0.000000 2104.323242 0.000000 0.193312 0.000000 -0.981137 0.940154 0.940154 0.940154
2299.931641 0.000000 2105.589355 0.000000 0.708960 0.000000 -0.705249 0.898998 0.898998 0.898998
2296.101807 0.000000 2108.502686 0.000000 0.879983 0.000000 -0.475005 0.789064 0.789064 0.789064
2289.030029 0.000000 2097.603516 0.000000 0.618975 0.000000 -0.785410 0.945058 0.945058 0.945058
2298.784912 0.000000 2096.097656 0.000000 0.383108 0.000000 -0.923703 1.049824 1.049824 1.049824
2296.769043 0.000000 2099.699463 0.000000 0.041245 0.000000 -0.999149 1.184241 1.184241 1.184241
2301.000732 0.000000 2102.593262 0.000000 0.490775 0.000000 -0.871286 1.004057 1.004057 1.004057
2289.074707 0.000000 2102.572510 0.000000 0.104744 0.000000 -0.994499 1.144547 1.144547 1.144547
2293.632080 0.000000 2093.592529 0.000000 0.294714 0.000000 -0.955586 1.085731 1.085731 1.085731
2286.898438 0.000000 2101.675781 0.000000 0.504608 0.000000 -0.863349 0.788838 0.788838 0.788838
2297.688965 0.000000 2095.226807 0.000000 0.397050 0.000000 -0.917797 1.044041 1.044041 1.044041
2292.828613 0.000000 2099.012451 0.000000 0.964963 0.000000 -0.262385 0.701411 0.701411 0.701411
2303.219727 0.000000 2096.553467 0.000000 0.985649 0.000000 -0.168809 0.664791 0.664791 0.664791
2303.871826 0.000000 2065.056885 0.000000 0.599735 0.000000 -0.800198 0.745899 0.745899 0.745899
2305.868652 0.000000 2062.063965 0.000000 0.388447 0.000000 -0.921471 0.722874 0.722874 0.722874
2304.168457 0.000000 2091.252197 0.000000 0.617332 0.000000 -0.786703 0.602713 0.602713 0.602713
2304.009277 0.000000 2115.536377 0.000000 0.017913 0.000000 -0.999840 1.193158 1.193158 1.193158
2321.981689 0.000000 2117.458984 0.000000 0.739187 0.000000 -0.673500 0.882252 0.882252 0.882252
2306.356445 0.000000 2098.192139 0.000000 0.957882 0.000000 -0.287161 0.711254 0.711254 0.711254
2309.781006 0.000000 2114.915039 0.000000 0.991778 0.000000 -0.127973 0.649016 0.649016 0.649016
2316.318115 0.000000 2115.752930 0.000000 0.552340 0.000000 -0.833619 0.976482 0.976482 0.976482
2319.047363 0.000000 2110.929199 0.000000 0.985693 0.000000 -0.168549 0.664690 0.664690 0.664690
2321.039795 0.000000 2133.290527 0.000000 0.991800 0.000000 -0.127796 0.613245 0.613245 0.613245
2317.931885 0.000000 2120.885986 0.000000 0.233385 0.000000 -0.972384 1.110024 1.110024 1.110024
2325.742188 0.000000 2125.941162 0.000000 0.999652 0.000000 -0.026365 0.610072 0.610072 0.610072
2325.067871 0.000000 2121.121094 0.000000 0.374380 0.000000 -0.927275 1.053427 1.053427 1.053427
2310.485840 0.000000 2100.116455 0.000000 0.671475 0.000000 -0.741027 0.918793 0.918793 0.918793
2321.505127 0.000000 2129.058838 0.000000 0.818363 0.000000 -0.574702 0.833858 0.833858 0.833858
2307.513428 0.000000 2102.243164 0.000000 0.432296 0.000000 -0.901732 1.029244 1.029244 1.029244
2314.040039 0.000000 2106.895508 0.000000 0.968563 0.000000 -0.248769 0.696031 0.696031 0.696031
2307.084961 0.000000 2117.268311 0.000000 0.370269 0.000000 -0.928925 0.894489 0.894489 0.894489
2310.562256 0.000000 2111.668213 0.000000 0.958444 0.000000 -0.285281 0.710504 0.710504 0.710504
2319.407471 0.000000 2107.330566 0.000000 0.490161 0.000000 -0.871632 1.004326 1.004326 1.004326
2313.433350 0.000000 2113.769775 0.000000 0.807300 0.000000 -0.590141 0.841113 0.841113 0.841113
2312.766113 0.000000 2129.278076 0.000000 0.830918 0.000000 -0.556395 0.825379 0.825379 0.825379
2315.582031 0.000000 2118.864258 0.000000 0.996705 0.000000 -0.081111 0.631016 0.631016 0.631016
2308.511963 0.000000 2105.428467 0.000000 0.998334 0.000000 -0.057707 0.622055 0.622055 0.622055
2310.213135 0.000000 2127.351318 0.000000 0.892949 0.000000 -0.450157 0.778359 0.778359 0.778359
2318.576660 0.000000 2117.997070 0.000000 0.999569 0.000000 -0.029344 0.611210 0.611210 0.611210
2324.213135 0.000000 2128.274902 0.000000 0.856750 0.000000 -0.515731 0.663310 0.663310 0.663310
2325.476318 0.000000 2118.421875 0.000000 0.716807 0.000000 -0.697271 0.712110 0.712110 0.712110
2326.810791 0.000000 2123.221680 0.000000 0.751234 0.000000 -0.660036 0.684225 0.684225 0.684225
2327.588379 0.000000 2120.624268 0.000000 0.732625 0.000000 -0.680633 0.687468 0.687468 0.687468
2309.907715 0.000000 2102.494629 0.000000 0.921169 0.000000 -0.389162 0.752683 0.752683 0.752683
2307.157959 0.000000 2126.556396 0.000000 0.863058 0.000000 -0.505105 0.725319 0.725319 0.725319
2315.681152 0.000000 2132.294434 0.000000 0.060107 0.000000 -0.998192 1.113667 1.113667 1.113667
2320.760254 0.000000 2109.314941 0.000000 0.780136 0.000000 -0.625610 0.761995 0.761995 0.761995
2323.219238 0.000000 2119.576416 0.000000 0.958882 0.000000 -0.283806 0.709917 0.709917 0.709917
2308.808350 0.000000 2098.413086 0.000000 0.099420 0.000000 -0.995046 1.161962 1.161962 1.161962
2319.341064 0.000000 2102.208496 0.000000 0.997269 0.000000 -0.073856 0.617717 0.617717 0.617717
2305.916260 0.000000 2095.839600 0.000000 0.988861 0.000000 -0.148845 0.657067 0.657067 0.657067
2320.765381 0.000000 2126.893311 0.000000 0.105515 0.000000 -0.994418 1.159621 1.159621 1.159621
2312.739502 0.000000 2100.424316 0.000000 0.986464 0.000000 -0.163978 0.662919 0.662919 0.662919
2308.008057 0.000000 2096.364258 0.000000 0.825885 0.000000 -0.563838 0.686141 0.686141 0.686141
2314.862061 0.000000 2125.046875 0.000000 0.058012 0.000000 -0.998316 1.177828 1.177828 1.177828
2319.259766 0.000000 2125.367676 0.000000 0.979237 0.000000 -0.202720 0.677974 0.677974 0.677974
2321.655762 0.000000 2115.362549 0.000000 0.482398 0.000000 -0.875952 0.755093 0.755093 0.755093
2308.395020 0.000000 2122.665771 0.000000 0.512753 0.000000 -0.858536 0.994351 0.994351 0.994351
2315.713623 0.000000 2110.602539 0.000000 0.308261 0.000000 -0.951302 1.080303 1.080303 1.080303
2321.156738 0.000000 2106.137451 0.000000 0.863746 0.000000 -0.503927 0.726578 0.726578 0.726578
2311.955322 0.000000 2102.318115 0.000000 0.134604 0.000000 -0.990899 1.148428 1.148428 1.148428
2311.856445 0.000000 2115.029053 0.000000 0.787226 0.000000 -0.616664 0.853820 0.853820 0.853820
2312.449219 0.000000 2112.105225 0.000000 0.571370 0.000000 -0.820693 0.967695 0.967695 0.967695
2307.867188 0.000000 2115.377686 0.000000 0.115152 0.000000 -0.993348 1.155918 1.155918 1.155918
2308.921875 0.000000 2120.838379 0.000000 0.311868 0.000000 -0.950125 1.078854 1.078854 1.078854
2314.430176 0.000000 2112.139648 0.000000 0.859935 0.000000 -0.510404 0.804605 0.804605 0.804605
2318.556641 0.000000 2109.116943 0.000000 0.039333 0.000000 -0.999226 1.184972 1.184972 1.184972
2320.234863 0.000000 2116.955078 0.000000 0.630721 0.000000 -0.776010 0.939311 0.939311 0.939311
2313.674316 0.000000 2118.566406 0.000000 0.478612 0.000000 -0.878027 1.009368 1.009368 1.009368
2313.052246 0.000000 2105.272217 0.000000 0.903599 0.000000 -0.428378 0.769098 0.769098 0.769098
2317.793213 0.000000 2132.782715 0.000000 0.966256 0.000000 -0.257584 0.688585 0.688585 0.688585
2310.989746 0.000000 2129.005127 0.000000 0.268600 0.000000 -0.963252 1.096127 1.096127 1.096127
2308.075195 0.000000 2118.809814 0.000000 0.110696 0.000000 -0.993854 1.157631 1.157631 1.157631
2318.109375 0.000000 2116.270020 0.000000 0.957656 0.000000 -0.287915 0.711554 0.711554 0.711554
2323.483887 0.000000 2121.765381 0.000000 0.037808 0.000000 -0.999285 1.185555 1.185555 1.185555
2316.870850 0.000000 2117.685059 0.000000 0.889634 0.000000 -0.456674 0.781151 0.781151 0.781151
2308.713135 0.000000 2103.718262 0.000000 0.642994 0.000000 -0.765871 0.933230 0.933230 0.933230
2306.093262 0.000000 2125.176514 0.000000 0.857387 0.000000 -0.514673 0.743338 0.743338 0.743338
2306.963135 0.000000 2106.180664 0.000000 0.437941 0.000000 -0.899004 1.026850 1.026850 1.026850
2304.976074 0.000000 2113.980957 0.000000 0.746792 0.000000 -0.665057 0.877912 0.877912 0.877912
2323.142334 0.000000 2129.612793 0.000000 0.909543 0.000000 -0.415609 0.763718 0.763718 0.763718
2308.414062 0.000000 2113.803467 0.000000 0.945589 0.000000 -0.325363 0.726584 0.726584 0.726584
2317.412109 0.000000 2111.120117 0.000000 0.973453 0.000000 -0.228888 0.688211 0.688211 0.688211
2310.987305 0.000000 2116.613770 0.000000 0.898600 0.000000 -0.438768 0.773502 0.773502 0.773502
2325.467529 0.000000 2124.255859 0.000000 0.999321 0.000000 -0.036841 0.614075 0.614075 0.614075
2308.792969 0.000000 2126.343750 0.000000 0.966093 0.000000 -0.258195 0.696624 0.696624 0.696624
2309.985596 0.000000 2123.695801 0.000000 0.203803 0.000000 -0.979012 1.121604 1.121604 1.121604
2305.407227 0.000000 2108.823975 0.000000 0.995994 0.000000 -0.089425 0.634204 0.634204 0.634204
2310.600586 0.000000 2098.509033 0.000000 0.779191 0.000000 -0.626787 0.838462 0.838462 0.838462
2321.115234 0.000000 2107.750244 0.000000 0.890810 0.000000 -0.454375 0.713045 0.713045 0.713045
2307.375000 0.000000 2099.382812 0.000000 0.880661 0.000000 -0.473748 0.788519 0.788519 0.788519
2325.168213 0.000000 2122.714844 0.000000 0.937177 0.000000 -0.348854 0.736115 0.736115 0.736115
2310.111084 0.000000 2105.266846 0.000000 0.798450 0.000000 -0.602061 0.846784 0.846784 0.846784
2304.473389 0.000000 2096.462402 0.000000 0.904017 0.000000 -0.427496 0.768725 0.768725 0.768725
2303.750732 0.000000 2092.722412 0.000000 0.341452 0.000000 -0.939899 1.066898 1.066898 1.066898
2311.911621 0.000000 2121.798828 0.000000 0.070129 0.000000 -0.997538 1.173191 1.173191 1.173191
2322.728516 0.000000 2124.674316 0.000000 0.876472 0.000000 -0.481452 0.791869 0.791869 0.791869
2320.772949 0.000000 2122.777832 0.000000 0.733968 0.000000 -0.679184 0.885199 0.885199 0.885199
2321.855713 0.000000 2126.001953 0.000000 0.867653 0.000000 -0.497170 0.798753 0.798753 0.798753
2324.372070 0.000000 2125.173828 0.000000 0.827925 0.000000 -0.560839 0.827426 0.827426 0.827426
2319.422119 0.000000 2103.634033 0.000000 0.649756 0.000000 -0.760143 0.806962 0.806962 0.806962
2313.465576 0.000000 2124.655518 0.000000 0.611630 0.000000 -0.791144 0.948617 0.948617 0.948617
2315.052490 0.000000 2105.947266 0.000000 0.145002 0.000000 -0.989431 1.144417 1.144417 1.144417
2319.977539 0.000000 2118.401123 0.000000 0.990344 0.000000 -0.138633 0.653125 0.653125 0.653125
2314.339111 0.000000 2119.794922 0.000000 0.994704 0.000000 -0.102783 0.639330 0.639330 0.639330
2319.194824 0.000000 2113.855225 0.000000 0.763230 0.000000 -0.646127 0.840975 0.840975 0.840975
2314.082764 0.000000 2100.333252 0.000000 0.952789 0.000000 -0.303633 0.698893 0.698893 0.698893
2310.944092 0.000000 2101.376709 0.000000 0.934143 0.000000 -0.356898 0.739399 0.739399 0.739399
2316.403809 0.000000 2100.112061 0.000000 0.018213 0.000000 -0.999834 0.934895 0.934895 0.934895
2315.791504 0.000000 2126.020752 0.000000 0.023528 0.000000 -0.999723 1.191012 1.191012 1.191012
2310.135986 0.000000 2103.825195 0.000000 0.920610 0.000000 -0.390482 0.753230 0.753230 0.753230
2311.748291 0.000000 2099.505859 0.000000 0.596982 0.000000 -0.802255 0.927746 0.927746 0.927746
2305.580322 0.000000 2099.306396 0.000000 0.890657 0.000000 -0.454675 0.780294 0.780294 0.780294
2309.711426 0.000000 2128.743164 0.000000 0.139065 0.000000 -0.990283 0.979480 0.979480 0.979480
2309.726318 0.000000 2109.573242 0.000000 0.984012 0.000000 -0.178103 0.668395 0.668395 0.668395
2311.237793 0.000000 2123.390137 0.000000 0.433163 0.000000 -0.901316 1.028877 1.028877 1.028877
2319.458984 0.000000 2126.664307 0.000000 0.174372 0.000000 -0.984680 1.133053 1.133053 1.133053
2323.069092 0.000000 2118.171387 0.000000 0.552456 0.000000 -0.833542 0.976429 0.976429 0.976429
2313.458008 0.000000 2108.151123 0.000000 0.032664 0.000000 -0.999466 1.187521 1.187521 1.187521
"}
