object={
	name="tree_leaf_01_single_generator_1_0"
	render_pass=Map
	clamp_to_water_level=no
	generated_content=yes
	layer="tree_high_layer"
	pdxmesh="tree_leaf_01_single_a_mesh"
	count=110
	transform="2286.071045 0.000000 2040.249634 0.000000 0.191140 0.000000 -0.981563 0.748180 0.748180 0.748180
2283.663086 0.000000 2049.635742 0.000000 0.159253 0.000000 -0.987238 0.968750 0.968750 0.968750
2282.625732 0.000000 2056.501953 0.000000 0.374036 0.000000 0.927414 0.643971 0.643971 0.643971
2278.061523 0.000000 2049.487793 0.000000 0.868951 0.000000 -0.494898 0.714476 0.714476 0.714476
2282.856445 0.000000 2044.667480 0.000000 0.997442 0.000000 -0.071480 0.707752 0.707752 0.707752
2285.954102 0.000000 2059.943604 0.000000 0.991687 0.000000 -0.128674 0.702255 0.702255 0.702255
2287.670166 0.000000 2047.495239 0.000000 0.902292 0.000000 0.431125 0.572250 0.572250 0.572250
2286.344727 0.000000 2055.884033 0.000000 0.731460 0.000000 0.681884 0.542647 0.542647 0.542647
2281.668457 0.000000 2052.770020 0.000000 0.901431 0.000000 0.432922 0.663225 0.663225 0.663225
2290.498047 0.000000 2040.008789 0.000000 0.956096 0.000000 -0.293055 0.708836 0.708836 0.708836
2286.365967 0.000000 2043.864502 0.000000 0.042098 0.000000 0.999114 0.515666 0.515666 0.515666
2284.850586 0.000000 2052.820557 0.000000 0.834510 0.000000 0.550992 0.562326 0.562326 0.562326
2284.742432 0.000000 2046.863892 0.000000 0.082119 0.000000 0.996623 0.354010 0.354010 0.354010
2288.877930 0.000000 2059.664062 0.000000 0.538108 0.000000 0.842876 0.654444 0.654444 0.654444
2288.528320 0.000000 2042.057007 0.000000 0.079092 0.000000 0.996867 0.507102 0.507102 0.507102
2280.804688 0.000000 2050.042480 0.000000 0.939520 0.000000 0.342495 0.663957 0.663957 0.663957
2286.342285 0.000000 2049.961914 0.000000 0.957607 0.000000 -0.288077 0.804178 0.804178 0.804178
2281.979248 0.000000 2047.523193 0.000000 0.960080 0.000000 -0.279725 0.722791 0.722791 0.722791
2292.495361 0.000000 2057.193848 0.000000 0.779851 0.000000 0.625965 0.644445 0.644445 0.644445
2288.543457 0.000000 2045.018311 0.000000 0.600080 0.000000 0.799940 0.499076 0.499076 0.499076
2284.979736 0.000000 2057.877441 0.000000 0.725854 0.000000 -0.687849 0.772907 0.772907 0.772907
2287.585449 0.000000 2057.794678 0.000000 0.736031 0.000000 0.676948 0.606435 0.606435 0.606435
2284.304932 0.000000 2054.995361 0.000000 0.907513 0.000000 -0.420023 0.773480 0.773480 0.773480
2284.912842 0.000000 2042.203979 0.000000 0.899090 0.000000 -0.437764 0.741176 0.741176 0.741176
2283.291992 0.000000 2051.615479 0.000000 0.856575 0.000000 -0.516023 0.804230 0.804230 0.804230
2286.359863 0.000000 2045.805664 0.000000 0.476310 0.000000 0.879278 0.478454 0.478454 0.478454
2286.525879 0.000000 2053.998047 0.000000 0.005310 0.000000 -0.999986 1.156882 1.156882 1.156882
2282.397461 0.000000 2054.551270 0.000000 0.934972 0.000000 -0.354720 0.740557 0.740557 0.740557
2284.743652 0.000000 2044.941040 0.000000 0.680529 0.000000 0.732721 0.563479 0.563479 0.563479
2289.582764 0.000000 2052.929932 0.000000 0.419375 0.000000 -0.907813 1.050032 1.050032 1.050032
2284.970947 0.000000 2051.079590 0.000000 0.959545 0.000000 0.281556 0.620693 0.620693 0.620693
2285.941650 0.000000 2048.229248 0.000000 0.932864 0.000000 0.360228 0.598247 0.598247 0.598247
2290.376465 0.000000 2048.498779 0.000000 0.935937 0.000000 -0.352168 0.819497 0.819497 0.819497
2291.855225 0.000000 2045.654175 0.000000 0.840950 0.000000 0.541113 0.588090 0.588090 0.588090
2283.127197 0.000000 2046.303223 0.000000 0.573283 0.000000 0.819358 0.547285 0.547285 0.547285
2287.755615 0.000000 2049.191162 0.000000 0.781093 0.000000 0.624414 0.459578 0.459578 0.459578
2286.364990 0.000000 2051.918457 0.000000 0.266059 0.000000 -0.963957 1.166266 1.166266 1.166266
2288.275391 0.000000 2056.335449 0.000000 0.932839 0.000000 0.360295 0.650402 0.650402 0.650402
2283.520508 0.000000 2047.998535 0.000000 0.714365 0.000000 0.699773 0.576739 0.576739 0.576739
2282.191650 0.000000 2049.088379 0.000000 0.410406 0.000000 -0.911903 0.918659 0.918659 0.918659
2287.718018 0.000000 2050.773926 0.000000 0.447226 0.000000 -0.894421 1.096636 1.096636 1.096636
2283.349854 0.000000 2053.324463 0.000000 0.924877 0.000000 0.380266 0.636602 0.636602 0.636602
2289.177002 0.000000 2051.463867 0.000000 0.142946 0.000000 -0.989731 1.246280 1.246280 1.246280
2290.198242 0.000000 2045.242065 0.000000 0.991583 0.000000 -0.129472 0.725413 0.725413 0.725413
2289.026611 0.000000 2046.556763 0.000000 0.843024 0.000000 -0.537876 0.871699 0.871699 0.871699
2288.917969 0.000000 2048.298096 0.000000 0.435017 0.000000 -0.900422 1.126971 1.126971 1.126971
2293.114502 0.000000 2048.740967 0.000000 0.284859 0.000000 0.958570 0.381878 0.381878 0.381878
2285.036133 0.000000 2049.368652 0.000000 0.554964 0.000000 -0.831874 0.971280 0.971280 0.971280
2287.681641 0.000000 2046.106934 0.000000 0.928607 0.000000 0.371065 0.591046 0.591046 0.591046
2287.437012 0.000000 2055.069580 0.000000 0.982724 0.000000 0.185080 0.660962 0.660962 0.660962
2290.633789 0.000000 2049.883789 0.000000 0.321849 0.000000 -0.946791 1.112765 1.112765 1.112765
2289.990723 0.000000 2054.225586 0.000000 0.788458 0.000000 0.615088 0.552963 0.552963 0.552963
2287.806641 0.000000 2053.630127 0.000000 0.081436 0.000000 -0.996679 1.134638 1.134638 1.134638
2287.239014 0.000000 2044.871704 0.000000 0.419902 0.000000 0.907569 0.465439 0.465439 0.465439
2293.836182 0.000000 2047.638062 0.000000 0.628749 0.000000 -0.777608 0.886821 0.886821 0.886821
2291.343994 0.000000 2047.666870 0.000000 0.660420 0.000000 0.750896 0.468429 0.468429 0.468429
2293.033936 0.000000 2046.154785 0.000000 0.113049 0.000000 0.993589 0.394346 0.394346 0.394346
2289.490479 0.000000 2055.790039 0.000000 0.509421 0.000000 -0.860518 0.929996 0.929996 0.929996
2282.587891 0.000000 2050.277344 0.000000 0.628555 0.000000 -0.777766 0.871300 0.871300 0.871300
2285.957031 0.000000 2046.951660 0.000000 0.761561 0.000000 -0.648093 0.863880 0.863880 0.863880
2291.972900 0.000000 2050.930664 0.000000 0.818630 0.000000 -0.574321 0.904203 0.904203 0.904203
2284.707764 0.000000 2048.207031 0.000000 0.121652 0.000000 0.992573 0.299948 0.299948 0.299948
2286.907959 0.000000 2052.923828 0.000000 0.656885 0.000000 0.753991 0.450729 0.450729 0.450729
2290.651611 0.000000 2052.558838 0.000000 0.065760 0.000000 0.997836 0.284445 0.284445 0.284445
2289.749023 0.000000 2047.539917 0.000000 0.675568 0.000000 -0.737298 0.950652 0.950652 0.950652
2289.979492 0.000000 2050.738770 0.000000 0.825659 0.000000 -0.564169 0.929413 0.929413 0.929413
2287.022705 0.000000 2048.374023 0.000000 0.999112 0.000000 -0.042124 0.715022 0.715022 0.715022
2288.890381 0.000000 2053.668213 0.000000 0.479120 0.000000 0.877750 0.370543 0.370543 0.370543
2286.081055 0.000000 2050.937256 0.000000 0.638431 0.000000 0.769679 0.385331 0.385331 0.385331
2291.228516 0.000000 2048.978760 0.000000 0.999132 0.000000 0.041661 0.686163 0.686163 0.686163
2288.226074 0.000000 2050.006836 0.000000 0.511800 0.000000 0.859105 0.304451 0.304451 0.304451
2287.269043 0.000000 2051.593018 0.000000 0.863122 0.000000 -0.504996 0.889652 0.889652 0.889652
2289.639648 0.000000 2049.069092 0.000000 0.342419 0.000000 0.939547 0.234715 0.234715 0.234715
2288.713135 0.000000 2049.191650 0.000000 0.743872 0.000000 -0.668322 0.978854 0.978854 0.978854
2288.015625 0.000000 2048.307129 0.000000 0.295918 0.000000 -0.955213 1.183981 1.183981 1.183981
2447.021484 0.000000 2006.658325 0.000000 0.759706 0.000000 -0.650267 0.748250 0.748250 0.748250
2447.328857 0.000000 2009.413330 0.000000 0.290714 0.000000 0.956810 0.637571 0.637571 0.637571
2453.990967 0.000000 2009.455444 0.000000 0.808635 0.000000 0.588311 0.513140 0.513140 0.513140
2451.654541 0.000000 2012.544800 0.000000 0.671407 0.000000 -0.741089 0.736467 0.736467 0.736467
2449.572754 0.000000 2004.014404 0.000000 0.978344 0.000000 -0.206988 0.733157 0.733157 0.733157
2455.075928 0.000000 2006.445068 0.000000 0.995637 0.000000 0.093313 0.678770 0.678770 0.678770
2449.927979 0.000000 2010.135620 0.000000 0.295150 0.000000 0.955451 0.582260 0.582260 0.582260
2452.060547 0.000000 2006.447266 0.000000 0.672750 0.000000 0.739870 0.416173 0.416173 0.416173
2453.734375 0.000000 2011.674194 0.000000 0.294470 0.000000 -0.955661 0.906715 0.906715 0.906715
2457.097900 0.000000 2007.408569 0.000000 0.176203 0.000000 -0.984354 0.816906 0.816906 0.816906
2451.831055 0.000000 2009.000977 0.000000 0.811079 0.000000 0.584936 0.514378 0.514378 0.514378
2455.836426 0.000000 2010.469849 0.000000 0.334548 0.000000 -0.942379 0.818192 0.818192 0.818192
2455.042725 0.000000 2004.489868 0.000000 0.630755 0.000000 0.775982 0.546320 0.546320 0.546320
2448.138428 0.000000 2005.380249 0.000000 0.259073 0.000000 0.965858 0.491872 0.491872 0.491872
2455.630127 0.000000 2008.484131 0.000000 0.809633 0.000000 -0.586936 0.821679 0.821679 0.821679
2453.387207 0.000000 2007.709229 0.000000 0.991485 0.000000 -0.130220 0.744502 0.744502 0.744502
2450.442139 0.000000 2005.693970 0.000000 0.227868 0.000000 0.973692 0.357871 0.357871 0.357871
2453.500732 0.000000 2005.422852 0.000000 0.976705 0.000000 0.214588 0.644063 0.644063 0.644063
2452.174805 0.000000 2010.891602 0.000000 0.916106 0.000000 -0.400936 0.767048 0.767048 0.767048
2451.987061 0.000000 2004.778320 0.000000 0.856022 0.000000 -0.516939 0.838614 0.838614 0.838614
2450.875244 0.000000 2007.606079 0.000000 0.235839 0.000000 0.971792 0.245839 0.245839 0.245839
2449.342285 0.000000 2008.732544 0.000000 0.077868 0.000000 0.996964 0.423459 0.423459 0.423459
2450.874512 0.000000 2011.224854 0.000000 0.151651 0.000000 0.988434 0.469448 0.469448 0.469448
2448.112793 0.000000 2008.037231 0.000000 0.918567 0.000000 0.395266 0.624725 0.624725 0.624725
2450.595215 0.000000 2009.062622 0.000000 0.780419 0.000000 0.625257 0.499328 0.499328 0.499328
2450.768311 0.000000 2004.474121 0.000000 0.874706 0.000000 0.484654 0.570904 0.570904 0.570904
2452.798584 0.000000 2009.808960 0.000000 0.135591 0.000000 0.990765 0.273740 0.273740 0.273740
2454.730713 0.000000 2007.658447 0.000000 0.529202 0.000000 -0.848496 0.930170 0.930170 0.930170
2453.828125 0.000000 2006.591797 0.000000 0.854636 0.000000 0.519227 0.513953 0.513953 0.513953
2452.149414 0.000000 2007.875122 0.000000 0.002946 0.000000 0.999996 0.165710 0.165710 0.165710
2455.926514 0.000000 2007.309570 0.000000 0.860546 0.000000 -0.509373 0.821421 0.821421 0.821421
2452.984619 0.000000 2008.747192 0.000000 0.224111 0.000000 -0.974564 1.099515 1.099515 1.099515
2450.208252 0.000000 2006.762329 0.000000 0.632223 0.000000 0.774786 0.397941 0.397941 0.397941
2451.115723 0.000000 2006.540405 0.000000 0.936725 0.000000 0.350065 0.578124 0.578124 0.578124
2452.922363 0.000000 2006.899780 0.000000 0.793481 0.000000 -0.608595 0.922968 0.922968 0.922968
"}
