object={
	name="tree_cypress_01_generator_1_0"
	render_pass=Map
	clamp_to_water_level=no
	generated_content=yes
	layer="tree_high_layer"
	pdxmesh="tree_cypress_01_a_mesh"
	count=145
	transform="1894.042480 0.000000 1710.022339 0.000000 0.244070 0.000000 0.969758 1.000000 1.000000 1.000000
1936.507202 0.000000 1725.768799 0.000000 0.970893 0.000000 0.239514 1.000000 1.000000 1.000000
1942.621338 0.000000 1726.129395 0.000000 0.244333 0.000000 0.969691 1.000000 1.000000 1.000000
1919.516602 0.000000 1697.642578 0.000000 0.214861 0.000000 0.976645 1.000000 1.000000 1.000000
1915.443604 0.000000 1690.601196 0.000000 0.372505 0.000000 0.928030 1.000000 1.000000 1.000000
1939.070068 0.000000 1726.703613 0.000000 0.995768 0.000000 0.091905 1.000000 1.000000 1.000000
1905.002319 0.000000 1702.804932 0.000000 0.047887 0.000000 0.998853 1.000000 1.000000 1.000000
1899.868164 0.000000 1710.421387 0.000000 0.807970 0.000000 0.589223 1.000000 1.000000 1.000000
1910.723145 0.000000 1699.587524 0.000000 0.671243 0.000000 0.741238 1.000000 1.000000 1.000000
1911.536499 0.000000 1702.978516 0.000000 0.859895 0.000000 0.510472 1.000000 1.000000 1.000000
1917.544067 0.000000 1698.143188 0.000000 0.179215 0.000000 0.983810 1.000000 1.000000 1.000000
1940.678101 0.000000 1725.633179 0.000000 0.943027 0.000000 0.332715 1.000000 1.000000 1.000000
1902.997803 0.000000 1706.903320 0.000000 0.367606 0.000000 0.929982 1.000000 1.000000 1.000000
1915.773193 0.000000 1694.881104 0.000000 0.144530 0.000000 0.989500 1.000000 1.000000 1.000000
1902.244751 0.000000 1709.451050 0.000000 0.310018 0.000000 0.950731 1.000000 1.000000 1.000000
1911.372803 0.000000 1701.240723 0.000000 0.577270 0.000000 0.816554 1.000000 1.000000 1.000000
1898.159424 0.000000 1705.290283 0.000000 0.688226 0.000000 0.725497 1.000000 1.000000 1.000000
1898.196899 0.000000 1710.656738 0.000000 0.414433 0.000000 0.910080 1.000000 1.000000 1.000000
1904.951782 0.000000 1706.135132 0.000000 0.822438 0.000000 0.568854 1.000000 1.000000 1.000000
1902.236450 0.000000 1704.301147 0.000000 0.264366 0.000000 0.964422 1.000000 1.000000 1.000000
1903.305054 0.000000 1708.369141 0.000000 0.987579 0.000000 0.157126 1.000000 1.000000 1.000000
1909.267578 0.000000 1699.841553 0.000000 0.930024 0.000000 0.367498 1.000000 1.000000 1.000000
1900.840454 0.000000 1711.471924 0.000000 0.993461 0.000000 0.114173 1.000000 1.000000 1.000000
1912.938477 0.000000 1696.309326 0.000000 0.958060 0.000000 0.286568 1.000000 1.000000 1.000000
1901.347778 0.000000 1710.332153 0.000000 0.984847 0.000000 0.173428 1.000000 1.000000 1.000000
1913.306641 0.000000 1694.601562 0.000000 0.946198 0.000000 0.323587 1.000000 1.000000 1.000000
1943.903564 0.000000 1724.348022 0.000000 0.854508 0.000000 0.519437 1.000000 1.000000 1.000000
1947.709229 0.000000 1724.607300 0.000000 0.132617 0.000000 0.991167 1.000000 1.000000 1.000000
1951.948608 0.000000 1724.601196 0.000000 0.503580 0.000000 0.863949 1.000000 1.000000 1.000000
1945.764160 0.000000 1726.586914 0.000000 0.937439 0.000000 0.348149 1.000000 1.000000 1.000000
1947.910645 0.000000 1726.912354 0.000000 0.994170 0.000000 0.107821 1.000000 1.000000 1.000000
1943.895630 0.000000 1726.375000 0.000000 0.363405 0.000000 0.931631 1.000000 1.000000 1.000000
1941.150879 0.000000 1728.532349 0.000000 0.163542 0.000000 0.986536 1.000000 1.000000 1.000000
1929.419189 0.000000 1731.505493 0.000000 0.968645 0.000000 0.248448 1.000000 1.000000 1.000000
1929.182129 0.000000 1739.069092 0.000000 0.295756 0.000000 0.955263 1.000000 1.000000 1.000000
1926.986206 0.000000 1734.096558 0.000000 0.898544 0.000000 0.438883 1.000000 1.000000 1.000000
1930.977661 0.000000 1742.564575 0.000000 0.396036 0.000000 0.918235 1.000000 1.000000 1.000000
1932.234741 0.000000 1731.048340 0.000000 0.918824 0.000000 0.394668 1.000000 1.000000 1.000000
1939.988037 0.000000 1741.624756 0.000000 0.838766 0.000000 0.544492 1.000000 1.000000 1.000000
1937.523193 0.000000 1732.459473 0.000000 0.768359 0.000000 0.640019 1.000000 1.000000 1.000000
1935.814331 0.000000 1740.720703 0.000000 0.846573 0.000000 0.532272 1.000000 1.000000 1.000000
1932.343872 0.000000 1733.598022 0.000000 0.919770 0.000000 0.392459 1.000000 1.000000 1.000000
1943.606079 0.000000 1744.906250 0.000000 0.213676 0.000000 0.976905 1.000000 1.000000 1.000000
1940.445557 0.000000 1743.971191 0.000000 0.022647 0.000000 0.999744 1.000000 1.000000 1.000000
1934.849854 0.000000 1730.505615 0.000000 0.572781 0.000000 0.819709 1.000000 1.000000 1.000000
1931.311646 0.000000 1739.476562 0.000000 0.044121 0.000000 0.999026 1.000000 1.000000 1.000000
1934.797241 0.000000 1738.823364 0.000000 0.742587 0.000000 0.669750 1.000000 1.000000 1.000000
1940.988159 0.000000 1734.597900 0.000000 0.954940 0.000000 0.296800 1.000000 1.000000 1.000000
1941.974731 0.000000 1737.208374 0.000000 0.860306 0.000000 0.509778 1.000000 1.000000 1.000000
1929.424072 0.000000 1741.269165 0.000000 0.250194 0.000000 0.968196 1.000000 1.000000 1.000000
1942.996582 0.000000 1727.899658 0.000000 0.567960 0.000000 0.823056 1.000000 1.000000 1.000000
1930.959961 0.000000 1732.473389 0.000000 0.854846 0.000000 0.518883 1.000000 1.000000 1.000000
1934.764893 0.000000 1734.422241 0.000000 0.033726 0.000000 0.999431 1.000000 1.000000 1.000000
1931.886475 0.000000 1741.101929 0.000000 0.606763 0.000000 0.794883 1.000000 1.000000 1.000000
1939.933105 0.000000 1739.804932 0.000000 0.734091 0.000000 0.679051 1.000000 1.000000 1.000000
1935.283813 0.000000 1728.949585 0.000000 0.613291 0.000000 0.789857 1.000000 1.000000 1.000000
1941.229248 0.000000 1730.209106 0.000000 0.301252 0.000000 0.953545 1.000000 1.000000 1.000000
1941.528442 0.000000 1741.337280 0.000000 0.357262 0.000000 0.934004 1.000000 1.000000 1.000000
1939.656494 0.000000 1729.172119 0.000000 0.402329 0.000000 0.915495 1.000000 1.000000 1.000000
1936.151611 0.000000 1733.173096 0.000000 0.989228 0.000000 0.146385 1.000000 1.000000 1.000000
1938.319580 0.000000 1737.981689 0.000000 0.835417 0.000000 0.549617 1.000000 1.000000 1.000000
1930.910034 0.000000 1734.160156 0.000000 0.822719 0.000000 0.568448 1.000000 1.000000 1.000000
1943.674805 0.000000 1729.202148 0.000000 0.554324 0.000000 0.832301 1.000000 1.000000 1.000000
1938.239990 0.000000 1731.190308 0.000000 0.887197 0.000000 0.461391 1.000000 1.000000 1.000000
1942.737671 0.000000 1731.942017 0.000000 0.140949 0.000000 0.990017 1.000000 1.000000 1.000000
1938.823975 0.000000 1736.175781 0.000000 0.685186 0.000000 0.728369 1.000000 1.000000 1.000000
1936.133301 0.000000 1730.101196 0.000000 0.901091 0.000000 0.433630 1.000000 1.000000 1.000000
1937.537109 0.000000 1728.470093 0.000000 0.841621 0.000000 0.540069 1.000000 1.000000 1.000000
1934.468750 0.000000 1741.069092 0.000000 0.279647 0.000000 0.960103 1.000000 1.000000 1.000000
1942.307617 0.000000 1729.283447 0.000000 0.958375 0.000000 0.285512 1.000000 1.000000 1.000000
1933.671265 0.000000 1733.670654 0.000000 0.025313 0.000000 0.999680 1.000000 1.000000 1.000000
1933.973389 0.000000 1736.885132 0.000000 0.411185 0.000000 0.911552 1.000000 1.000000 1.000000
1940.413818 0.000000 1738.444702 0.000000 0.980712 0.000000 0.195458 1.000000 1.000000 1.000000
1932.212158 0.000000 1734.920654 0.000000 0.825950 0.000000 0.563744 1.000000 1.000000 1.000000
1931.662842 0.000000 1738.130859 0.000000 0.820570 0.000000 0.571546 1.000000 1.000000 1.000000
1937.728149 0.000000 1735.304810 0.000000 0.998992 0.000000 0.044898 1.000000 1.000000 1.000000
1932.867554 0.000000 1739.090576 0.000000 0.278250 0.000000 0.960509 1.000000 1.000000 1.000000
1943.258911 0.000000 1736.631714 0.000000 0.847733 0.000000 0.530423 1.000000 1.000000 1.000000
1943.313965 0.000000 1743.693115 0.000000 0.231097 0.000000 0.972931 1.000000 1.000000 1.000000
1939.247925 0.000000 1738.774780 0.000000 0.812655 0.000000 0.582745 1.000000 1.000000 1.000000
1936.820557 0.000000 1741.404175 0.000000 0.996192 0.000000 0.087190 1.000000 1.000000 1.000000
1941.708618 0.000000 1735.516357 0.000000 0.209500 0.000000 0.977809 1.000000 1.000000 1.000000
1935.824951 0.000000 1739.261108 0.000000 0.995115 0.000000 0.098720 1.000000 1.000000 1.000000
1943.257690 0.000000 1739.521851 0.000000 0.322146 0.000000 0.946690 1.000000 1.000000 1.000000
1940.888184 0.000000 1737.362549 0.000000 0.635121 0.000000 0.772412 1.000000 1.000000 1.000000
1934.045654 0.000000 1738.001709 0.000000 0.861969 0.000000 0.506960 1.000000 1.000000 1.000000
1939.187622 0.000000 1731.840942 0.000000 0.052710 0.000000 0.998610 1.000000 1.000000 1.000000
1938.854736 0.000000 1733.727051 0.000000 0.903748 0.000000 0.428065 1.000000 1.000000 1.000000
1935.506348 0.000000 1737.935913 0.000000 0.361254 0.000000 0.932468 1.000000 1.000000 1.000000
1937.481689 0.000000 1738.739380 0.000000 0.912940 0.000000 0.408094 1.000000 1.000000 1.000000
1942.056274 0.000000 1740.135864 0.000000 0.749166 0.000000 0.662382 1.000000 1.000000 1.000000
1948.478394 0.000000 1729.035767 0.000000 0.413257 0.000000 0.910614 1.000000 1.000000 1.000000
1950.524902 0.000000 1740.194458 0.000000 0.994552 0.000000 0.104245 1.000000 1.000000 1.000000
1952.882935 0.000000 1729.130615 0.000000 0.051819 0.000000 0.998657 1.000000 1.000000 1.000000
1950.412231 0.000000 1736.507935 0.000000 0.894103 0.000000 0.447862 1.000000 1.000000 1.000000
1947.552368 0.000000 1742.321411 0.000000 0.005274 0.000000 0.999986 1.000000 1.000000 1.000000
1954.161987 0.000000 1735.387939 0.000000 0.248683 0.000000 0.968585 1.000000 1.000000 1.000000
1948.551025 0.000000 1745.506470 0.000000 0.361360 0.000000 0.932426 1.000000 1.000000 1.000000
1948.888184 0.000000 1731.881592 0.000000 0.990396 0.000000 0.138260 1.000000 1.000000 1.000000
1949.946899 0.000000 1742.572754 0.000000 0.955035 0.000000 0.296494 1.000000 1.000000 1.000000
1950.542114 0.000000 1730.137451 0.000000 0.949517 0.000000 0.313714 1.000000 1.000000 1.000000
1945.327271 0.000000 1733.346069 0.000000 0.999761 0.000000 0.021868 1.000000 1.000000 1.000000
1946.057129 0.000000 1740.646484 0.000000 0.228044 0.000000 0.973651 1.000000 1.000000 1.000000
1949.678589 0.000000 1734.395142 0.000000 0.970051 0.000000 0.242901 1.000000 1.000000 1.000000
1945.512573 0.000000 1743.150635 0.000000 0.802368 0.000000 0.596830 1.000000 1.000000 1.000000
1952.037720 0.000000 1735.045044 0.000000 0.695432 0.000000 0.718592 1.000000 1.000000 1.000000
1952.589966 0.000000 1731.182739 0.000000 0.996205 0.000000 0.087037 1.000000 1.000000 1.000000
1945.092773 0.000000 1729.648804 0.000000 0.964753 0.000000 0.263157 1.000000 1.000000 1.000000
1943.848877 0.000000 1744.023682 0.000000 0.651157 0.000000 0.758943 1.000000 1.000000 1.000000
1944.345947 0.000000 1739.817993 0.000000 0.487240 0.000000 0.873268 1.000000 1.000000 1.000000
1947.238403 0.000000 1732.538574 0.000000 0.633685 0.000000 0.773591 1.000000 1.000000 1.000000
1948.752319 0.000000 1743.796387 0.000000 0.387740 0.000000 0.921769 1.000000 1.000000 1.000000
1947.414062 0.000000 1739.460938 0.000000 0.946494 0.000000 0.322723 1.000000 1.000000 1.000000
1943.789917 0.000000 1732.800537 0.000000 0.991844 0.000000 0.127462 1.000000 1.000000 1.000000
1950.409424 0.000000 1731.794800 0.000000 0.947794 0.000000 0.318883 1.000000 1.000000 1.000000
1947.161377 0.000000 1729.569946 0.000000 0.718789 0.000000 0.695228 1.000000 1.000000 1.000000
1946.064819 0.000000 1734.512695 0.000000 0.503375 0.000000 0.864068 1.000000 1.000000 1.000000
1949.305542 0.000000 1735.686157 0.000000 0.848804 0.000000 0.528707 1.000000 1.000000 1.000000
1949.223389 0.000000 1737.202637 0.000000 0.647529 0.000000 0.762041 1.000000 1.000000 1.000000
1949.959717 0.000000 1733.043823 0.000000 0.905270 0.000000 0.424837 1.000000 1.000000 1.000000
1947.621338 0.000000 1737.778564 0.000000 0.805454 0.000000 0.592658 1.000000 1.000000 1.000000
1945.619263 0.000000 1739.384644 0.000000 0.049941 0.000000 0.998752 1.000000 1.000000 1.000000
1949.496216 0.000000 1728.129028 0.000000 0.921446 0.000000 0.388506 1.000000 1.000000 1.000000
1947.292725 0.000000 1741.054932 0.000000 0.145374 0.000000 0.989377 1.000000 1.000000 1.000000
1946.089478 0.000000 1741.994141 0.000000 0.979132 0.000000 0.203225 1.000000 1.000000 1.000000
1947.108154 0.000000 1735.411865 0.000000 0.877285 0.000000 0.479970 1.000000 1.000000 1.000000
1946.649414 0.000000 1736.994629 0.000000 0.570583 0.000000 0.821240 1.000000 1.000000 1.000000
1944.246216 0.000000 1733.955566 0.000000 0.341527 0.000000 0.939872 1.000000 1.000000 1.000000
1949.308105 0.000000 1729.954834 0.000000 0.331641 0.000000 0.943406 1.000000 1.000000 1.000000
1944.317139 0.000000 1742.829102 0.000000 0.918167 0.000000 0.396194 1.000000 1.000000 1.000000
1951.374878 0.000000 1731.100708 0.000000 0.782590 0.000000 0.622537 1.000000 1.000000 1.000000
1944.897583 0.000000 1740.960693 0.000000 0.748734 0.000000 0.662871 1.000000 1.000000 1.000000
1945.474854 0.000000 1730.878662 0.000000 0.981524 0.000000 0.191338 1.000000 1.000000 1.000000
1945.023193 0.000000 1735.201782 0.000000 0.404556 0.000000 0.914513 1.000000 1.000000 1.000000
1948.241699 0.000000 1735.123779 0.000000 0.547168 0.000000 0.837023 1.000000 1.000000 1.000000
1945.325195 0.000000 1728.445068 0.000000 0.533561 0.000000 0.845762 1.000000 1.000000 1.000000
1946.602539 0.000000 1733.500366 0.000000 0.644275 0.000000 0.764794 1.000000 1.000000 1.000000
1944.804321 0.000000 1732.378296 0.000000 0.787978 0.000000 0.615703 1.000000 1.000000 1.000000
1946.118164 0.000000 1729.963135 0.000000 0.759502 0.000000 0.650505 1.000000 1.000000 1.000000
2493.096436 0.000000 2085.248047 0.000000 0.655457 0.000000 0.755233 1.000000 1.000000 1.000000
2496.093018 0.000000 2096.487549 0.000000 0.654614 0.000000 0.755963 1.000000 1.000000 1.000000
2492.093506 0.000000 2087.607910 0.000000 0.442785 0.000000 0.896628 1.000000 1.000000 1.000000
2499.039795 0.000000 2095.895752 0.000000 0.719924 0.000000 0.694053 1.000000 1.000000 1.000000
2499.346924 0.000000 2090.944580 0.000000 0.999978 0.000000 0.006685 1.000000 1.000000 1.000000
2496.308594 0.000000 2091.711914 0.000000 0.897009 0.000000 0.442012 1.000000 1.000000 1.000000
"}
object={
	name="tree_cypress_01_generator_1_1"
	render_pass=Map
	clamp_to_water_level=no
	generated_content=yes
	layer="tree_high_layer"
	pdxmesh="tree_cypress_01_b_mesh"
	count=87
	transform="1918.387695 0.000000 1694.379028 0.000000 0.839022 0.000000 -0.544098 1.000000 1.000000 1.000000
1905.654907 0.000000 1700.161133 0.000000 0.960802 0.000000 -0.277235 1.000000 1.000000 1.000000
1911.779541 0.000000 1690.790771 0.000000 0.997396 0.000000 -0.072122 1.000000 1.000000 1.000000
1907.218018 0.000000 1707.947266 0.000000 0.997927 0.000000 -0.064358 1.000000 1.000000 1.000000
1907.583496 0.000000 1703.141357 0.000000 0.874118 0.000000 -0.485713 1.000000 1.000000 1.000000
1916.271240 0.000000 1693.105957 0.000000 0.897114 0.000000 -0.441800 1.000000 1.000000 1.000000
1899.120972 0.000000 1706.700806 0.000000 0.754969 0.000000 -0.655761 1.000000 1.000000 1.000000
1901.148682 0.000000 1705.353638 0.000000 0.790887 0.000000 -0.611963 1.000000 1.000000 1.000000
1904.017944 0.000000 1709.995728 0.000000 0.997104 0.000000 -0.076049 1.000000 1.000000 1.000000
1914.787598 0.000000 1701.003662 0.000000 0.993368 0.000000 -0.114976 1.000000 1.000000 1.000000
1908.277954 0.000000 1696.368652 0.000000 0.782899 0.000000 -0.622149 1.000000 1.000000 1.000000
1907.657227 0.000000 1711.585449 0.000000 0.983362 0.000000 -0.181655 1.000000 1.000000 1.000000
1914.165771 0.000000 1697.095093 0.000000 0.688696 0.000000 -0.725050 1.000000 1.000000 1.000000
1941.385010 0.000000 1727.030884 0.000000 0.988698 0.000000 -0.149918 1.000000 1.000000 1.000000
1912.401855 0.000000 1692.145874 0.000000 0.709582 0.000000 -0.704623 1.000000 1.000000 1.000000
1914.476929 0.000000 1694.213257 0.000000 0.966615 0.000000 -0.256234 1.000000 1.000000 1.000000
1900.795898 0.000000 1709.175293 0.000000 0.943745 0.000000 -0.330674 1.000000 1.000000 1.000000
1911.179810 0.000000 1698.288452 0.000000 0.985906 0.000000 -0.167301 1.000000 1.000000 1.000000
1900.567627 0.000000 1706.601807 0.000000 0.996230 0.000000 -0.086753 1.000000 1.000000 1.000000
1915.228882 0.000000 1699.750854 0.000000 0.967649 0.000000 -0.252301 1.000000 1.000000 1.000000
1913.963623 0.000000 1699.799316 0.000000 0.980885 0.000000 -0.194587 1.000000 1.000000 1.000000
1950.063477 0.000000 1727.572876 0.000000 0.882063 0.000000 -0.471132 1.000000 1.000000 1.000000
1953.439575 0.000000 1726.628662 0.000000 0.988249 0.000000 -0.152854 1.000000 1.000000 1.000000
1945.849731 0.000000 1724.150391 0.000000 0.952299 0.000000 -0.305166 1.000000 1.000000 1.000000
1927.775879 0.000000 1742.792725 0.000000 0.965334 0.000000 -0.261019 1.000000 1.000000 1.000000
1932.674072 0.000000 1745.379028 0.000000 0.681179 0.000000 -0.732117 1.000000 1.000000 1.000000
1937.472046 0.000000 1729.839355 0.000000 0.606218 0.000000 -0.795298 1.000000 1.000000 1.000000
1942.511353 0.000000 1742.690308 0.000000 0.949270 0.000000 -0.314462 1.000000 1.000000 1.000000
1934.599976 0.000000 1743.028564 0.000000 0.747455 0.000000 -0.664313 1.000000 1.000000 1.000000
1928.214233 0.000000 1736.546387 0.000000 0.708916 0.000000 -0.705293 1.000000 1.000000 1.000000
1938.610840 0.000000 1745.331299 0.000000 0.701529 0.000000 -0.712641 1.000000 1.000000 1.000000
1939.715088 0.000000 1737.288940 0.000000 0.931052 0.000000 -0.364886 1.000000 1.000000 1.000000
1936.312500 0.000000 1727.704346 0.000000 0.863406 0.000000 -0.504510 1.000000 1.000000 1.000000
1929.418823 0.000000 1734.089722 0.000000 0.755123 0.000000 -0.655584 1.000000 1.000000 1.000000
1939.675293 0.000000 1730.728638 0.000000 0.933549 0.000000 -0.358450 1.000000 1.000000 1.000000
1939.505005 0.000000 1732.870239 0.000000 0.629433 0.000000 -0.777055 1.000000 1.000000 1.000000
1930.443604 0.000000 1737.601440 0.000000 0.758386 0.000000 -0.651805 1.000000 1.000000 1.000000
1936.518188 0.000000 1738.300171 0.000000 0.628248 0.000000 -0.778013 1.000000 1.000000 1.000000
1936.162231 0.000000 1731.538818 0.000000 0.897722 0.000000 -0.440563 1.000000 1.000000 1.000000
1943.155029 0.000000 1738.424927 0.000000 0.667780 0.000000 -0.744359 1.000000 1.000000 1.000000
1939.010498 0.000000 1743.313721 0.000000 0.844179 0.000000 -0.536062 1.000000 1.000000 1.000000
1937.773193 0.000000 1733.936401 0.000000 0.722316 0.000000 -0.691563 1.000000 1.000000 1.000000
1942.046387 0.000000 1733.601440 0.000000 0.991668 0.000000 -0.128822 1.000000 1.000000 1.000000
1941.039917 0.000000 1742.671509 0.000000 0.719711 0.000000 -0.694274 1.000000 1.000000 1.000000
1932.537598 0.000000 1736.470703 0.000000 0.999551 0.000000 -0.029970 1.000000 1.000000 1.000000
1940.127930 0.000000 1727.650757 0.000000 0.720004 0.000000 -0.693970 1.000000 1.000000 1.000000
1935.032715 0.000000 1735.642822 0.000000 0.989338 0.000000 -0.145636 1.000000 1.000000 1.000000
1940.640991 0.000000 1733.396729 0.000000 0.963920 0.000000 -0.266191 1.000000 1.000000 1.000000
1940.281738 0.000000 1731.860840 0.000000 0.731158 0.000000 -0.682209 1.000000 1.000000 1.000000
1939.163086 0.000000 1740.738403 0.000000 0.779945 0.000000 -0.625848 1.000000 1.000000 1.000000
1941.982178 0.000000 1731.086182 0.000000 0.743792 0.000000 -0.668411 1.000000 1.000000 1.000000
1936.480713 0.000000 1737.134399 0.000000 0.956711 0.000000 -0.291041 1.000000 1.000000 1.000000
1934.727905 0.000000 1739.945190 0.000000 0.673982 0.000000 -0.738748 1.000000 1.000000 1.000000
1943.280762 0.000000 1734.331177 0.000000 0.975220 0.000000 -0.221237 1.000000 1.000000 1.000000
1939.916260 0.000000 1735.376709 0.000000 0.596728 0.000000 -0.802443 1.000000 1.000000 1.000000
1937.343506 0.000000 1737.683350 0.000000 0.807069 0.000000 -0.590457 1.000000 1.000000 1.000000
1954.673218 0.000000 1739.151855 0.000000 0.614163 0.000000 -0.789179 1.000000 1.000000 1.000000
1951.425415 0.000000 1732.898926 0.000000 0.974904 0.000000 -0.222627 1.000000 1.000000 1.000000
1951.466064 0.000000 1744.392334 0.000000 0.840295 0.000000 -0.542129 1.000000 1.000000 1.000000
1944.386597 0.000000 1727.794067 0.000000 0.995141 0.000000 -0.098465 1.000000 1.000000 1.000000
1943.869629 0.000000 1738.030151 0.000000 0.905182 0.000000 -0.425025 1.000000 1.000000 1.000000
1952.238281 0.000000 1738.282471 0.000000 0.781839 0.000000 -0.623480 1.000000 1.000000 1.000000
1946.674316 0.000000 1730.909302 0.000000 0.988941 0.000000 -0.148310 1.000000 1.000000 1.000000
1946.464478 0.000000 1728.308350 0.000000 0.964597 0.000000 -0.263727 1.000000 1.000000 1.000000
1948.047119 0.000000 1736.442383 0.000000 0.978497 0.000000 -0.206262 1.000000 1.000000 1.000000
1953.349731 0.000000 1733.556641 0.000000 0.706331 0.000000 -0.707882 1.000000 1.000000 1.000000
1950.803955 0.000000 1728.263916 0.000000 0.749358 0.000000 -0.662165 1.000000 1.000000 1.000000
1950.639526 0.000000 1738.587158 0.000000 0.907525 0.000000 -0.419997 1.000000 1.000000 1.000000
1947.725708 0.000000 1727.640137 0.000000 0.719413 0.000000 -0.694582 1.000000 1.000000 1.000000
1948.682251 0.000000 1733.373291 0.000000 0.990485 0.000000 -0.137619 1.000000 1.000000 1.000000
1948.787109 0.000000 1741.888672 0.000000 0.817655 0.000000 -0.575708 1.000000 1.000000 1.000000
1945.156006 0.000000 1737.733276 0.000000 0.997294 0.000000 -0.073523 1.000000 1.000000 1.000000
1951.645874 0.000000 1737.073975 0.000000 0.913677 0.000000 -0.406441 1.000000 1.000000 1.000000
1943.893066 0.000000 1729.914917 0.000000 0.999553 0.000000 -0.029883 1.000000 1.000000 1.000000
1950.762939 0.000000 1735.367676 0.000000 0.808647 0.000000 -0.588294 1.000000 1.000000 1.000000
1947.629028 0.000000 1731.496460 0.000000 0.804819 0.000000 -0.593521 1.000000 1.000000 1.000000
1949.740723 0.000000 1730.943970 0.000000 0.802332 0.000000 -0.596878 1.000000 1.000000 1.000000
1944.244751 0.000000 1728.907715 0.000000 0.973497 0.000000 -0.228702 1.000000 1.000000 1.000000
2497.843262 0.000000 2086.175781 0.000000 0.997120 0.000000 -0.075845 1.000000 1.000000 1.000000
2501.228516 0.000000 2089.154053 0.000000 0.780699 0.000000 -0.624907 1.000000 1.000000 1.000000
2497.590088 0.000000 2087.719482 0.000000 0.865316 0.000000 -0.501227 1.000000 1.000000 1.000000
2492.618896 0.000000 2091.382812 0.000000 0.900130 0.000000 -0.435621 1.000000 1.000000 1.000000
2495.718262 0.000000 2088.366211 0.000000 0.843051 0.000000 -0.537833 1.000000 1.000000 1.000000
2491.337646 0.000000 2092.816406 0.000000 0.999706 0.000000 -0.024250 1.000000 1.000000 1.000000
2492.578613 0.000000 2089.457520 0.000000 0.817812 0.000000 -0.575485 1.000000 1.000000 1.000000
2493.882812 0.000000 2088.166504 0.000000 0.717261 0.000000 -0.696804 1.000000 1.000000 1.000000
2494.887207 0.000000 2093.335938 0.000000 0.933411 0.000000 -0.358809 1.000000 1.000000 1.000000
"}
object={
	name="tree_cypress_01_generator_1_2"
	render_pass=Map
	clamp_to_water_level=no
	generated_content=yes
	layer="tree_high_layer"
	pdxmesh="tree_cypress_01_c_mesh"
	count=47
	transform="1939.917480 0.000000 1723.953247 0.000000 0.339425 0.000000 -0.940633 1.000000 1.000000 1.000000
1909.760498 0.000000 1708.464355 0.000000 0.489575 0.000000 -0.871961 1.000000 1.000000 1.000000
1916.156738 0.000000 1696.768433 0.000000 0.379217 0.000000 -0.925308 1.000000 1.000000 1.000000
1899.230347 0.000000 1704.027588 0.000000 0.280698 0.000000 -0.959796 1.000000 1.000000 1.000000
1896.335571 0.000000 1711.121094 0.000000 0.525284 0.000000 -0.850927 1.000000 1.000000 1.000000
1899.572876 0.000000 1708.498657 0.000000 0.207702 0.000000 -0.978192 1.000000 1.000000 1.000000
1905.823242 0.000000 1708.856079 0.000000 0.582681 0.000000 -0.812701 1.000000 1.000000 1.000000
1904.937012 0.000000 1704.473633 0.000000 0.535361 0.000000 -0.844623 1.000000 1.000000 1.000000
1905.980713 0.000000 1707.181885 0.000000 0.006989 0.000000 -0.999976 1.000000 1.000000 1.000000
1911.987061 0.000000 1699.342285 0.000000 0.317748 0.000000 -0.948175 1.000000 1.000000 1.000000
1915.140259 0.000000 1696.056519 0.000000 0.079012 0.000000 -0.996874 1.000000 1.000000 1.000000
1951.708496 0.000000 1726.685913 0.000000 0.369593 0.000000 -0.929194 1.000000 1.000000 1.000000
1925.631958 0.000000 1737.609131 0.000000 0.529107 0.000000 -0.848555 1.000000 1.000000 1.000000
1932.922241 0.000000 1737.775513 0.000000 0.098061 0.000000 -0.995180 1.000000 1.000000 1.000000
1938.833862 0.000000 1727.756592 0.000000 0.020183 0.000000 -0.999796 1.000000 1.000000 1.000000
1936.515381 0.000000 1734.741943 0.000000 0.476431 0.000000 -0.879212 1.000000 1.000000 1.000000
1942.993896 0.000000 1730.494751 0.000000 0.336287 0.000000 -0.941759 1.000000 1.000000 1.000000
1933.525269 0.000000 1735.572632 0.000000 0.437540 0.000000 -0.899199 1.000000 1.000000 1.000000
1937.543701 0.000000 1736.704712 0.000000 0.236033 0.000000 -0.971745 1.000000 1.000000 1.000000
1943.373291 0.000000 1733.163330 0.000000 0.575147 0.000000 -0.818050 1.000000 1.000000 1.000000
1942.952515 0.000000 1740.633911 0.000000 0.015578 0.000000 -0.999879 1.000000 1.000000 1.000000
1938.019043 0.000000 1741.182983 0.000000 0.553413 0.000000 -0.832907 1.000000 1.000000 1.000000
1933.288452 0.000000 1741.869873 0.000000 0.466959 0.000000 -0.884279 1.000000 1.000000 1.000000
1940.761841 0.000000 1736.141479 0.000000 0.443248 0.000000 -0.896399 1.000000 1.000000 1.000000
1933.286133 0.000000 1732.139404 0.000000 0.346535 0.000000 -0.938037 1.000000 1.000000 1.000000
1936.808228 0.000000 1739.777588 0.000000 0.005311 0.000000 -0.999986 1.000000 1.000000 1.000000
1936.343628 0.000000 1735.999146 0.000000 0.240449 0.000000 -0.970662 1.000000 1.000000 1.000000
1941.036011 0.000000 1740.257568 0.000000 0.114647 0.000000 -0.993406 1.000000 1.000000 1.000000
1938.659058 0.000000 1729.778687 0.000000 0.376027 0.000000 -0.926609 1.000000 1.000000 1.000000
1943.272705 0.000000 1741.744019 0.000000 0.060285 0.000000 -0.998181 1.000000 1.000000 1.000000
1937.118530 0.000000 1730.921997 0.000000 0.500317 0.000000 -0.865842 1.000000 1.000000 1.000000
1939.858154 0.000000 1734.214966 0.000000 0.122622 0.000000 -0.992454 1.000000 1.000000 1.000000
1942.104736 0.000000 1738.287720 0.000000 0.417451 0.000000 -0.908700 1.000000 1.000000 1.000000
1956.592896 0.000000 1728.510742 0.000000 0.425440 0.000000 -0.904987 1.000000 1.000000 1.000000
1954.658081 0.000000 1732.103638 0.000000 0.241737 0.000000 -0.970342 1.000000 1.000000 1.000000
1948.847412 0.000000 1738.491333 0.000000 0.391596 0.000000 -0.920137 1.000000 1.000000 1.000000
1945.955200 0.000000 1735.917725 0.000000 0.038185 0.000000 -0.999271 1.000000 1.000000 1.000000
1948.503784 0.000000 1740.570923 0.000000 0.317224 0.000000 -0.948351 1.000000 1.000000 1.000000
1944.512451 0.000000 1736.540527 0.000000 0.227505 0.000000 -0.973777 1.000000 1.000000 1.000000
1948.172363 0.000000 1730.540039 0.000000 0.352996 0.000000 -0.935625 1.000000 1.000000 1.000000
1945.857422 0.000000 1732.047852 0.000000 0.331985 0.000000 -0.943285 1.000000 1.000000 1.000000
1950.991333 0.000000 1734.216553 0.000000 0.042201 0.000000 -0.999109 1.000000 1.000000 1.000000
1949.379883 0.000000 1739.657959 0.000000 0.451448 0.000000 -0.892297 1.000000 1.000000 1.000000
1951.589966 0.000000 1729.338623 0.000000 0.150589 0.000000 -0.988596 1.000000 1.000000 1.000000
1944.720947 0.000000 1738.755127 0.000000 0.192443 0.000000 -0.981308 1.000000 1.000000 1.000000
1947.572754 0.000000 1728.624023 0.000000 0.532108 0.000000 -0.846676 1.000000 1.000000 1.000000
2493.780029 0.000000 2090.965088 0.000000 0.179359 0.000000 -0.983784 1.000000 1.000000 1.000000
"}
