object={
	name="tree_leaf_high_generator_3_0"
	render_pass=Map
	clamp_to_water_level=no
	generated_content=yes
	layer="tree_high_layer"
	pdxmesh="tree_leaf_01_c_mesh"
	count=312
	transform="2298.436523 0.000000 2045.480713 0.000000 0.237596 0.000000 0.971364 0.729825 0.729825 0.729825
2299.773193 0.000000 2064.849609 0.000000 0.526102 0.000000 -0.850421 0.881637 0.881637 0.881637
2300.687256 0.000000 2056.234619 0.000000 0.339393 0.000000 -0.940645 0.889512 0.889512 0.889512
2291.015869 0.000000 2067.673096 0.000000 0.601209 0.000000 -0.799092 0.851033 0.851033 0.851033
2291.967773 0.000000 2049.564453 0.000000 0.828266 0.000000 -0.560336 0.839915 0.839915 0.839915
2296.636719 0.000000 2069.220703 0.000000 0.846797 0.000000 -0.531917 0.823860 0.823860 0.823860
2290.112793 0.000000 2062.483643 0.000000 0.372318 0.000000 -0.928105 0.906176 0.906176 0.906176
2301.526123 0.000000 2049.202637 0.000000 0.370469 0.000000 -0.928845 0.894219 0.894219 0.894219
2301.857666 0.000000 2060.727295 0.000000 0.473041 0.000000 -0.881041 0.871054 0.871054 0.871054
2295.082520 0.000000 2064.791748 0.000000 0.379627 0.000000 0.925139 0.675416 0.675416 0.675416
2294.328369 0.000000 2046.117065 0.000000 0.832873 0.000000 -0.553465 0.853065 0.853065 0.853065
2291.289062 0.000000 2053.603271 0.000000 0.454360 0.000000 -0.890818 0.877053 0.877053 0.877053
2301.043945 0.000000 2052.781250 0.000000 0.992416 0.000000 0.122928 0.790622 0.790622 0.790622
2292.097168 0.000000 2059.723145 0.000000 0.522659 0.000000 0.852542 0.681951 0.681951 0.681951
2298.629150 0.000000 2059.012207 0.000000 0.529442 0.000000 -0.848346 0.904989 0.904989 0.904989
2302.061523 0.000000 2046.001953 0.000000 0.999270 0.000000 0.038190 0.797849 0.797849 0.797849
2291.657471 0.000000 2064.898926 0.000000 0.999996 0.000000 0.002779 0.799789 0.799789 0.799789
2293.795654 0.000000 2067.345215 0.000000 0.156347 0.000000 0.987702 0.700888 0.700888 0.700888
2299.354980 0.000000 2047.861938 0.000000 0.275359 0.000000 -0.961342 0.902172 0.902172 0.902172
2471.321289 0.000000 2010.006958 0.000000 0.753616 0.000000 -0.657315 0.883802 0.883802 0.883802
2462.840576 0.000000 2007.083862 0.000000 0.482727 0.000000 -0.875771 0.848589 0.848589 0.848589
2459.391357 0.000000 2012.990112 0.000000 0.891669 0.000000 -0.452687 0.853762 0.853762 0.853762
2466.153320 0.000000 2013.489624 0.000000 0.605118 0.000000 -0.796135 0.893800 0.893800 0.893800
2476.652344 0.000000 2006.345703 0.000000 0.730509 0.000000 -0.682903 0.822070 0.822070 0.822070
2454.008789 0.000000 2015.510376 0.000000 0.561259 0.000000 0.827640 0.776635 0.776635 0.776635
2476.079834 0.000000 2011.175781 0.000000 0.974895 0.000000 -0.222666 0.805785 0.805785 0.805785
2472.226562 0.000000 2004.719238 0.000000 0.833624 0.000000 0.552333 0.769847 0.769847 0.769847
2467.283203 0.000000 2008.060547 0.000000 0.890884 0.000000 0.454231 0.782484 0.782484 0.782484
2473.028320 0.000000 2014.125854 0.000000 0.442974 0.000000 -0.896534 0.899265 0.899265 0.899265
2463.057861 0.000000 2011.102905 0.000000 0.374195 0.000000 0.927350 0.661281 0.661281 0.661281
2457.753418 0.000000 2009.557495 0.000000 0.865316 0.000000 -0.501227 0.826110 0.826110 0.826110
2469.641602 0.000000 2013.156372 0.000000 0.846710 0.000000 0.532055 0.737476 0.737476 0.737476
2473.746826 0.000000 2007.789429 0.000000 0.287474 0.000000 0.957788 0.674300 0.674300 0.674300
2463.145996 0.000000 2014.302612 0.000000 0.301143 0.000000 -0.953579 0.920505 0.920505 0.920505
2470.374756 0.000000 2007.103882 0.000000 0.295980 0.000000 -0.955194 0.911887 0.911887 0.911887
2465.977295 0.000000 2010.662231 0.000000 0.986113 0.000000 -0.166078 0.814396 0.814396 0.814396
2457.384766 0.000000 2014.566162 0.000000 0.868991 0.000000 -0.494828 0.837839 0.837839 0.837839
2312.937744 0.000000 2048.553467 0.000000 0.905931 0.000000 -0.423425 0.853704 0.853704 0.853704
2371.765381 0.000000 2064.849609 0.000000 0.227912 0.000000 0.973682 0.710018 0.710018 0.710018
2304.009277 0.000000 2043.551880 0.000000 0.661899 0.000000 0.749593 0.775119 0.775119 0.775119
2304.552979 0.000000 2054.000000 0.000000 0.538215 0.000000 0.842808 0.761558 0.761558 0.761558
2313.651123 0.000000 2038.432495 0.000000 0.902592 0.000000 0.430497 0.794134 0.794134 0.794134
2372.679443 0.000000 2056.234619 0.000000 0.910865 0.000000 0.412704 0.793628 0.793628 0.793628
2363.008057 0.000000 2067.673096 0.000000 0.645537 0.000000 0.763729 0.784378 0.784378 0.784378
2367.531494 0.000000 2060.109619 0.000000 0.936575 0.000000 -0.350467 0.834327 0.834327 0.834327
2309.781006 0.000000 2042.930786 0.000000 0.800150 0.000000 0.599800 0.756448 0.756448 0.756448
2316.318115 0.000000 2043.768555 0.000000 0.906738 0.000000 0.421695 0.783307 0.783307 0.783307
2306.857666 0.000000 2048.798584 0.000000 0.804922 0.000000 -0.593380 0.855952 0.855952 0.855952
2375.029297 0.000000 2078.642822 0.000000 0.343650 0.000000 -0.939098 0.840204 0.840204 0.840204
2312.937256 0.000000 2054.020020 0.000000 0.993171 0.000000 0.116666 0.792013 0.792013 0.792013
2362.104980 0.000000 2062.483643 0.000000 0.737971 0.000000 0.674832 0.764494 0.764494 0.764494
2303.788086 0.000000 2059.215088 0.000000 0.875007 0.000000 0.484110 0.784861 0.784861 0.784861
2317.931885 0.000000 2048.901611 0.000000 0.891741 0.000000 0.452545 0.769048 0.769048 0.769048
2373.849854 0.000000 2060.727295 0.000000 0.365972 0.000000 0.930626 0.704682 0.704682 0.704682
2367.074707 0.000000 2064.791748 0.000000 0.780772 0.000000 0.624816 0.729638 0.729638 0.729638
2308.718750 0.000000 2052.708008 0.000000 0.879059 0.000000 -0.476714 0.846745 0.846745 0.846745
2317.006348 0.000000 2052.876953 0.000000 0.795694 0.000000 -0.605699 0.832747 0.832747 0.832747
2307.084961 0.000000 2045.283813 0.000000 0.953514 0.000000 0.301349 0.778174 0.778174 0.778174
2303.833984 0.000000 2050.523438 0.000000 0.434280 0.000000 0.900778 0.713983 0.713983 0.713983
2312.752441 0.000000 2044.950439 0.000000 0.750373 0.000000 0.661014 0.727739 0.727739 0.727739
2309.876953 0.000000 2047.181641 0.000000 0.921784 0.000000 0.387705 0.755152 0.755152 0.755152
2303.805908 0.000000 2047.045288 0.000000 0.886984 0.000000 -0.461800 0.827036 0.827036 0.827036
2370.621338 0.000000 2059.012207 0.000000 0.836077 0.000000 -0.548612 0.846972 0.846972 0.846972
2315.582031 0.000000 2046.879761 0.000000 0.603148 0.000000 0.797629 0.712034 0.712034 0.712034
2310.213135 0.000000 2055.366943 0.000000 0.917538 0.000000 0.397647 0.769861 0.769861 0.769861
2314.774414 0.000000 2050.904541 0.000000 0.089766 0.000000 -0.995963 0.933985 0.933985 0.933985
2365.165039 0.000000 2062.543701 0.000000 0.555710 0.000000 -0.831376 0.892925 0.892925 0.892925
2306.325928 0.000000 2051.481445 0.000000 0.359658 0.000000 -0.933084 0.905228 0.905228 0.905228
2381.998779 0.000000 2081.439697 0.000000 0.997393 0.000000 0.072168 0.797100 0.797100 0.797100
2384.929932 0.000000 2048.553467 0.000000 0.310695 0.000000 0.950509 0.712782 0.712782 0.712782
2394.238281 0.000000 2066.591797 0.000000 0.526134 0.000000 -0.850401 0.918795 0.918795 0.918795
2424.100830 0.000000 2024.503052 0.000000 0.977800 0.000000 -0.209539 0.809740 0.809740 0.809740
2376.305420 0.000000 2073.070312 0.000000 0.996908 0.000000 0.078581 0.795805 0.795805 0.795805
2390.848389 0.000000 2079.068359 0.000000 0.890686 0.000000 -0.454619 0.855141 0.855141 0.855141
2429.236328 0.000000 2017.169678 0.000000 0.978898 0.000000 -0.204352 0.815907 0.815907 0.815907
2442.865234 0.000000 2022.737305 0.000000 0.868796 0.000000 0.495170 0.787895 0.787895 0.787895
2435.237305 0.000000 2023.779297 0.000000 0.508722 0.000000 -0.860931 0.811185 0.811185 0.811185
2393.273438 0.000000 2052.631104 0.000000 0.096130 0.000000 0.995369 0.784981 0.784981 0.784981
2396.083740 0.000000 2074.563965 0.000000 0.232928 0.000000 -0.972494 0.824010 0.824010 0.824010
2422.356689 0.000000 2017.893066 0.000000 0.777152 0.000000 0.629313 0.726997 0.726997 0.726997
2429.577148 0.000000 2025.546631 0.000000 0.805942 0.000000 -0.591995 0.868707 0.868707 0.868707
2381.267334 0.000000 2075.662598 0.000000 0.489072 0.000000 0.872244 0.705387 0.705387 0.705387
2391.473877 0.000000 2071.430908 0.000000 0.829814 0.000000 0.558040 0.782619 0.782619 0.782619
2384.929443 0.000000 2054.020020 0.000000 0.367007 0.000000 0.930218 0.731263 0.731263 0.731263
2393.031982 0.000000 2061.306152 0.000000 0.079800 0.000000 -0.996811 0.908984 0.908984 0.908984
2436.619385 0.000000 2033.316528 0.000000 0.798640 0.000000 0.601810 0.776011 0.776011 0.776011
2445.509033 0.000000 2027.114014 0.000000 0.112965 0.000000 0.993599 0.736246 0.736246 0.736246
2377.204590 0.000000 2079.178467 0.000000 0.422893 0.000000 0.906179 0.721851 0.721851 0.721851
2386.160645 0.000000 2077.244141 0.000000 0.035721 0.000000 -0.999362 0.883699 0.883699 0.883699
2389.924072 0.000000 2048.901611 0.000000 0.895250 0.000000 0.445564 0.765689 0.765689 0.765689
2397.987793 0.000000 2069.944092 0.000000 0.390628 0.000000 -0.920549 0.871473 0.871473 0.871473
2389.307861 0.000000 2066.924805 0.000000 0.091038 0.000000 -0.995847 0.850534 0.850534 0.850534
2437.275635 0.000000 2028.234497 0.000000 0.997945 0.000000 0.064078 0.795274 0.795274 0.795274
2426.956543 0.000000 2021.104858 0.000000 0.998192 0.000000 0.060099 0.792974 0.792974 0.792974
2396.838867 0.000000 2063.217285 0.000000 0.194314 0.000000 0.980939 0.725840 0.725840 0.725840
2388.792725 0.000000 2062.342285 0.000000 0.938843 0.000000 -0.344346 0.821063 0.821063 0.821063
2389.813965 0.000000 2075.064941 0.000000 0.993158 0.000000 -0.116778 0.808977 0.808977 0.808977
2388.998535 0.000000 2052.876953 0.000000 0.509022 0.000000 0.860753 0.706200 0.706200 0.706200
2439.313477 0.000000 2024.780151 0.000000 0.387716 0.000000 0.921779 0.717794 0.717794 0.717794
2391.065674 0.000000 2083.087158 0.000000 0.923856 0.000000 0.382739 0.779526 0.779526 0.779526
2430.931396 0.000000 2022.034058 0.000000 0.047548 0.000000 0.998869 0.659448 0.659448 0.659448
2393.133545 0.000000 2076.447754 0.000000 0.631876 0.000000 0.775070 0.702761 0.702761 0.702761
2381.827148 0.000000 2072.144043 0.000000 0.978678 0.000000 0.205402 0.789836 0.789836 0.789836
2442.095459 0.000000 2027.435059 0.000000 0.891707 0.000000 -0.452613 0.843058 0.843058 0.843058
2391.523438 0.000000 2064.367920 0.000000 0.522315 0.000000 -0.852753 0.907081 0.907081 0.907081
2426.520020 0.000000 2026.657471 0.000000 0.942584 0.000000 -0.333968 0.817546 0.817546 0.817546
2397.380615 0.000000 2066.823975 0.000000 0.827306 0.000000 -0.561751 0.852539 0.852539 0.852539
2377.580566 0.000000 2075.998779 0.000000 0.036562 0.000000 -0.999331 0.942486 0.942486 0.942486
2420.101318 0.000000 2015.623535 0.000000 0.961018 0.000000 0.276485 0.777676 0.777676 0.777676
2382.412598 0.000000 2050.143066 0.000000 0.967810 0.000000 0.251684 0.786280 0.786280 0.786280
2380.068359 0.000000 2078.431641 0.000000 0.999392 0.000000 0.034868 0.797054 0.797054 0.797054
2387.436768 0.000000 2055.460693 0.000000 0.218942 0.000000 0.975738 0.705356 0.705356 0.705356
2387.985840 0.000000 2079.770264 0.000000 0.984143 0.000000 -0.177379 0.812608 0.812608 0.812608
2379.079590 0.000000 2073.205566 0.000000 0.623188 0.000000 -0.782072 0.857033 0.857033 0.857033
2393.364746 0.000000 2073.727539 0.000000 0.986592 0.000000 0.163207 0.789588 0.789588 0.789588
2443.933350 0.000000 2029.562256 0.000000 0.748542 0.000000 0.663087 0.737018 0.737018 0.737018
2395.569580 0.000000 2068.787109 0.000000 0.634366 0.000000 -0.773033 0.872532 0.872532 0.872532
2424.333252 0.000000 2021.086548 0.000000 0.008595 0.000000 0.999963 0.675508 0.675508 0.675508
2345.605957 0.000000 2139.205811 0.000000 0.084799 0.000000 0.996398 0.791097 0.791097 0.791097
2371.870605 0.000000 2155.859619 0.000000 0.478963 0.000000 0.877835 0.789088 0.789088 0.789088
2347.571533 0.000000 2146.485596 0.000000 0.293147 0.000000 -0.956067 0.948768 0.948768 0.948768
2361.322998 0.000000 2148.934814 0.000000 0.714248 0.000000 0.699893 0.787923 0.787923 0.787923
2373.688965 0.000000 2145.020508 0.000000 0.480053 0.000000 0.877240 0.771789 0.771789 0.771789
2346.481934 0.000000 2152.152100 0.000000 0.999683 0.000000 0.025187 0.799517 0.799517 0.799517
2343.021240 0.000000 2150.208008 0.000000 0.391110 0.000000 0.920344 0.756575 0.756575 0.756575
2370.291260 0.000000 2144.615479 0.000000 0.829344 0.000000 0.558739 0.770161 0.770161 0.770161
2372.238770 0.000000 2147.693359 0.000000 0.988059 0.000000 0.154074 0.791288 0.791288 0.791288
2364.706787 0.000000 2146.438477 0.000000 0.684414 0.000000 0.729093 0.740278 0.740278 0.740278
2349.879883 0.000000 2147.525391 0.000000 0.312104 0.000000 -0.950048 0.893874 0.893874 0.893874
2385.373535 0.000000 2143.650146 0.000000 0.509497 0.000000 0.860472 0.791308 0.791308 0.791308
2403.884277 0.000000 2112.671631 0.000000 0.439726 0.000000 -0.898132 0.846786 0.846786 0.846786
2397.835693 0.000000 2097.698975 0.000000 0.374173 0.000000 -0.927359 0.938721 0.938721 0.938721
2394.408691 0.000000 2091.771484 0.000000 0.995324 0.000000 0.096594 0.798203 0.798203 0.798203
2392.323730 0.000000 2100.108398 0.000000 0.496969 0.000000 0.867768 0.781114 0.781114 0.781114
2404.187988 0.000000 2107.744141 0.000000 0.315594 0.000000 -0.948894 0.934034 0.934034 0.934034
2389.307861 0.000000 2138.909180 0.000000 0.152809 0.000000 0.988256 0.634395 0.634395 0.634395
2409.071045 0.000000 2109.388672 0.000000 0.864632 0.000000 0.502405 0.788331 0.788331 0.788331
2393.789062 0.000000 2096.047852 0.000000 0.784951 0.000000 -0.619558 0.846841 0.846841 0.846841
2388.792725 0.000000 2134.326660 0.000000 0.073806 0.000000 0.997273 0.695958 0.695958 0.695958
2401.603271 0.000000 2110.090088 0.000000 0.309858 0.000000 -0.950783 0.871479 0.871479 0.871479
2391.523438 0.000000 2136.352295 0.000000 0.836553 0.000000 0.547886 0.748234 0.748234 0.748234
2399.791748 0.000000 2100.626465 0.000000 0.082019 0.000000 -0.996631 0.875818 0.875818 0.875818
2396.824951 0.000000 2094.345703 0.000000 0.996625 0.000000 0.082092 0.790939 0.790939 0.790939
2400.861328 0.000000 2096.461670 0.000000 0.342301 0.000000 0.939590 0.737793 0.737793 0.737793
2406.938965 0.000000 2111.644287 0.000000 0.773371 0.000000 -0.633954 0.837028 0.837028 0.837028
2395.239990 0.000000 2099.123291 0.000000 0.498931 0.000000 -0.866642 0.888575 0.888575 0.888575
2401.755127 0.000000 2106.435059 0.000000 0.464669 0.000000 0.885485 0.722457 0.722457 0.722457
2399.598389 0.000000 2094.148193 0.000000 0.305050 0.000000 0.952336 0.711614 0.711614 0.711614
2449.424072 0.000000 2033.401855 0.000000 0.901354 0.000000 0.433083 0.799463 0.799463 0.799463
2479.647217 0.000000 2024.185913 0.000000 0.985017 0.000000 0.172455 0.792419 0.792419 0.792419
2460.538330 0.000000 2016.448242 0.000000 0.851661 0.000000 -0.524093 0.860488 0.860488 0.860488
2466.933838 0.000000 2035.158081 0.000000 0.212063 0.000000 -0.977256 0.936608 0.936608 0.936608
2456.922119 0.000000 2048.553467 0.000000 0.343218 0.000000 0.939256 0.792687 0.792687 0.792687
2485.747314 0.000000 2039.089355 0.000000 0.950267 0.000000 0.311436 0.772864 0.772864 0.772864
2487.667236 0.000000 2016.195801 0.000000 0.539031 0.000000 0.842286 0.796400 0.796400 0.796400
2458.618652 0.000000 2027.089355 0.000000 0.825659 0.000000 0.564169 0.733555 0.733555 0.733555
2472.005371 0.000000 2015.961182 0.000000 0.593696 0.000000 -0.804690 0.883487 0.883487 0.883487
2475.876465 0.000000 2040.687134 0.000000 0.873554 0.000000 0.486727 0.738170 0.738170 0.738170
2469.827881 0.000000 2025.714722 0.000000 0.986322 0.000000 -0.164830 0.825300 0.825300 0.825300
2494.468994 0.000000 2034.026978 0.000000 0.344142 0.000000 -0.938917 0.859915 0.859915 0.859915
2465.966064 0.000000 2045.474609 0.000000 0.317033 0.000000 0.948415 0.609290 0.609290 0.609290
2457.635498 0.000000 2038.432495 0.000000 0.549789 0.000000 -0.835304 0.897745 0.897745 0.897745
2480.103516 0.000000 2032.787964 0.000000 0.085783 0.000000 -0.996314 0.890751 0.890751 0.890751
2450.340820 0.000000 2026.207764 0.000000 0.679421 0.000000 -0.733748 0.850842 0.850842 0.850842
2465.265625 0.000000 2052.631104 0.000000 0.123692 0.000000 -0.992321 0.818204 0.818204 0.818204
2473.302734 0.000000 2031.672974 0.000000 0.783482 0.000000 0.621414 0.697548 0.697548 0.697548
2455.370850 0.000000 2020.836426 0.000000 0.304068 0.000000 0.952650 0.738003 0.738003 0.738003
2466.400879 0.000000 2019.787109 0.000000 0.986472 0.000000 0.163928 0.780661 0.780661 0.780661
2486.266846 0.000000 2084.362061 0.000000 0.918995 0.000000 -0.394270 0.807771 0.807771 0.807771
2461.073975 0.000000 2032.920410 0.000000 0.781733 0.000000 0.623613 0.756023 0.756023 0.756023
2476.652344 0.000000 2078.330078 0.000000 0.132447 0.000000 0.991190 0.777599 0.777599 0.777599
2489.839844 0.000000 2022.025269 0.000000 0.969391 0.000000 0.245523 0.790190 0.790190 0.790190
2474.150879 0.000000 2021.528931 0.000000 0.912736 0.000000 0.408550 0.749818 0.749818 0.749818
2471.924316 0.000000 2045.110718 0.000000 0.987253 0.000000 -0.159156 0.824421 0.824421 0.824421
2453.765381 0.000000 2042.930786 0.000000 0.267841 0.000000 -0.963463 0.951070 0.951070 0.951070
2464.315918 0.000000 2028.123901 0.000000 0.987378 0.000000 -0.158378 0.819917 0.819917 0.819917
2460.302490 0.000000 2043.768555 0.000000 0.416855 0.000000 0.908973 0.727544 0.727544 0.727544
2455.411377 0.000000 2032.329834 0.000000 0.565289 0.000000 0.824893 0.762803 0.762803 0.762803
2470.094482 0.000000 2039.727173 0.000000 0.471204 0.000000 -0.882024 0.957914 0.957914 0.957914
2488.559570 0.000000 2034.182129 0.000000 0.265693 0.000000 -0.964058 0.995791 0.995791 0.995791
2497.947510 0.000000 2029.804077 0.000000 0.881984 0.000000 0.471279 0.792355 0.792355 0.792355
2463.031738 0.000000 2038.944824 0.000000 0.979002 0.000000 0.203852 0.784378 0.784378 0.784378
2461.350098 0.000000 2021.870239 0.000000 0.991062 0.000000 0.133404 0.786852 0.786852 0.786852
2450.372070 0.000000 2038.714111 0.000000 0.552738 0.000000 0.833355 0.729167 0.729167 0.729167
2477.197754 0.000000 2046.882935 0.000000 0.998048 0.000000 0.062457 0.798165 0.798165 0.798165
2481.000488 0.000000 2042.150879 0.000000 0.871526 0.000000 -0.490350 0.837156 0.837156 0.837156
2484.516357 0.000000 2022.363892 0.000000 0.953171 0.000000 -0.302433 0.835898 0.835898 0.835898
2491.031738 0.000000 2038.821167 0.000000 0.072900 0.000000 -0.997339 0.940004 0.940004 0.940004
2492.998779 0.000000 2029.102539 0.000000 0.994971 0.000000 0.100162 0.789901 0.789901 0.789901
2482.696289 0.000000 2028.402100 0.000000 0.961786 0.000000 -0.273804 0.818280 0.818280 0.818280
2476.180176 0.000000 2035.759766 0.000000 0.153050 0.000000 0.988218 0.690465 0.690465 0.690465
2476.079834 0.000000 2083.160156 0.000000 0.895471 0.000000 0.445119 0.784798 0.784798 0.784798
2481.063232 0.000000 2037.404297 0.000000 0.938955 0.000000 -0.344039 0.840404 0.840404 0.840404
2469.052246 0.000000 2049.136719 0.000000 0.967609 0.000000 -0.252454 0.820797 0.820797 0.820797
2467.455078 0.000000 2015.569458 0.000000 0.986380 0.000000 0.164480 0.783071 0.783071 0.783071
2484.479736 0.000000 2032.892334 0.000000 0.999697 0.000000 0.024613 0.796858 0.796858 0.796858
2454.470215 0.000000 2028.131958 0.000000 0.588747 0.000000 0.808317 0.690021 0.690021 0.690021
2465.781250 0.000000 2024.063599 0.000000 0.842182 0.000000 0.539193 0.722203 0.722203 0.722203
2453.908203 0.000000 2036.176025 0.000000 0.491476 0.000000 -0.870891 0.876000 0.876000 0.876000
2478.479004 0.000000 2028.942383 0.000000 0.919732 0.000000 -0.392547 0.815227 0.815227 0.815227
2487.005615 0.000000 2078.223633 0.000000 0.610047 0.000000 -0.792365 0.835075 0.835075 0.835075
2491.467773 0.000000 2025.531006 0.000000 0.098151 0.000000 0.995172 0.747064 0.747064 0.747064
2456.828125 0.000000 2017.068115 0.000000 0.630228 0.000000 -0.776410 0.874036 0.874036 0.874036
2454.357422 0.000000 2024.445435 0.000000 0.730019 0.000000 0.683427 0.740939 0.740939 0.740939
2478.138672 0.000000 2020.678589 0.000000 0.158149 0.000000 -0.987415 0.876142 0.876142 0.876142
2464.784180 0.000000 2032.021362 0.000000 0.301241 0.000000 0.953548 0.656769 0.656769 0.656769
2451.497803 0.000000 2030.258911 0.000000 0.806135 0.000000 0.591731 0.769269 0.769269 0.769269
2483.963379 0.000000 2087.282715 0.000000 0.376348 0.000000 -0.926478 0.898688 0.898688 0.898688
2487.087646 0.000000 2019.731934 0.000000 0.360824 0.000000 -0.932634 0.843919 0.843919 0.843919
2458.107178 0.000000 2023.325439 0.000000 0.924659 0.000000 0.380796 0.754356 0.754356 0.754356
2458.024414 0.000000 2034.911255 0.000000 0.970322 0.000000 0.241815 0.780976 0.780976 0.780976
2451.069336 0.000000 2045.283813 0.000000 0.999548 0.000000 -0.030065 0.801567 0.801567 0.801567
2456.736816 0.000000 2044.950439 0.000000 0.713040 0.000000 0.701123 0.739014 0.739014 0.739014
2463.942383 0.000000 2017.327026 0.000000 0.717227 0.000000 0.696840 0.744104 0.744104 0.744104
2487.332275 0.000000 2024.435303 0.000000 0.966567 0.000000 -0.256414 0.828588 0.828588 0.828588
2482.452148 0.000000 2084.155762 0.000000 0.462057 0.000000 0.886850 0.680430 0.680430 0.680430
2461.780518 0.000000 2025.539062 0.000000 0.980053 0.000000 -0.198739 0.818101 0.818101 0.818101
2473.595459 0.000000 2038.105713 0.000000 0.298104 0.000000 0.954534 0.657917 0.657917 0.657917
2475.318359 0.000000 2044.041870 0.000000 0.394470 0.000000 -0.918909 0.906129 0.906129 0.906129
2453.861328 0.000000 2047.181641 0.000000 0.947965 0.000000 -0.318374 0.814172 0.814172 0.814172
2454.546631 0.000000 2039.683960 0.000000 0.792288 0.000000 0.610147 0.723718 0.723718 0.723718
2461.097900 0.000000 2029.383301 0.000000 0.625614 0.000000 -0.780133 0.862734 0.862734 0.862734
2463.391846 0.000000 2035.346191 0.000000 0.498713 0.000000 -0.866767 0.892366 0.892366 0.892366
2458.603271 0.000000 2020.041138 0.000000 0.999998 0.000000 0.002114 0.799753 0.799753 0.799753
2473.963379 0.000000 2047.665283 0.000000 0.125144 0.000000 -0.992139 0.889198 0.889198 0.889198
2463.532715 0.000000 2043.196777 0.000000 0.023037 0.000000 0.999735 0.661822 0.661822 0.661822
2465.702148 0.000000 2049.459473 0.000000 0.936277 0.000000 0.351264 0.761290 0.761290 0.761290
2457.417725 0.000000 2041.785400 0.000000 0.073535 0.000000 -0.997293 0.974930 0.974930 0.974930
2458.017578 0.000000 2030.291748 0.000000 0.931925 0.000000 0.362652 0.776875 0.776875 0.776875
2481.646729 0.000000 2020.798828 0.000000 0.997786 0.000000 0.066503 0.794657 0.794657 0.794657
2483.173584 0.000000 2025.229370 0.000000 0.568807 0.000000 0.822471 0.702209 0.702209 0.702209
2460.353271 0.000000 2040.603027 0.000000 0.769106 0.000000 -0.639121 0.862731 0.862731 0.862731
2466.905762 0.000000 2038.330444 0.000000 0.971421 0.000000 -0.237363 0.826421 0.826421 0.826421
2476.529297 0.000000 2023.791382 0.000000 0.933656 0.000000 -0.358170 0.831386 0.831386 0.831386
2450.669434 0.000000 2041.776855 0.000000 0.440687 0.000000 -0.897661 0.883467 0.883467 0.883467
2462.561035 0.000000 2046.012695 0.000000 0.721441 0.000000 0.692476 0.732169 0.732169 0.732169
2478.053711 0.000000 2042.841187 0.000000 0.543961 0.000000 0.839111 0.695602 0.695602 0.695602
2495.280273 0.000000 2030.997803 0.000000 0.497497 0.000000 -0.867466 0.871727 0.871727 0.871727
2464.100342 0.000000 2021.482300 0.000000 0.526692 0.000000 0.850056 0.700155 0.700155 0.700155
2482.284912 0.000000 2031.112183 0.000000 0.120465 0.000000 -0.992718 0.911209 0.911209 0.911209
2478.497559 0.000000 2084.074219 0.000000 0.937226 0.000000 0.348723 0.770974 0.770974 0.770974
2554.956055 0.000000 2078.489746 0.000000 0.903729 0.000000 -0.428105 0.806892 0.806892 0.806892
2546.356689 0.000000 2072.281494 0.000000 0.253994 0.000000 -0.967206 0.809448 0.809448 0.809448
2531.383545 0.000000 2084.974609 0.000000 0.963669 0.000000 0.267098 0.781370 0.781370 0.781370
2551.979004 0.000000 2074.524902 0.000000 0.790966 0.000000 -0.611860 0.832744 0.832744 0.832744
2548.072021 0.000000 2083.160156 0.000000 0.854945 0.000000 0.518719 0.765037 0.765037 0.765037
2544.218750 0.000000 2076.703613 0.000000 0.982990 0.000000 -0.183657 0.809850 0.809850 0.809850
2539.275391 0.000000 2080.044922 0.000000 0.995486 0.000000 0.094912 0.797437 0.797437 0.797437
2552.025635 0.000000 2081.598633 0.000000 0.964731 0.000000 -0.263240 0.810374 0.810374 0.810374
2535.050049 0.000000 2083.087158 0.000000 0.914804 0.000000 0.403899 0.776583 0.776583 0.776583
2541.633789 0.000000 2085.140625 0.000000 0.732198 0.000000 0.681092 0.705724 0.705724 0.705724
2548.603516 0.000000 2074.841797 0.000000 0.986604 0.000000 0.163135 0.790574 0.790574 0.790574
2545.739014 0.000000 2079.773926 0.000000 0.998571 0.000000 0.053436 0.794875 0.794875 0.794875
2542.366943 0.000000 2079.088135 0.000000 0.557463 0.000000 0.830202 0.734857 0.734857 0.734857
2551.536133 0.000000 2077.461914 0.000000 0.234333 0.000000 -0.972156 0.921517 0.921517 0.921517
2537.969482 0.000000 2082.646484 0.000000 0.065429 0.000000 0.997857 0.710707 0.710707 0.710707
2473.579834 0.000000 2122.908936 0.000000 0.952636 0.000000 0.304113 0.795927 0.795927 0.795927
2466.933838 0.000000 2107.142578 0.000000 0.636978 0.000000 0.770882 0.762554 0.762554 0.762554
2513.447021 0.000000 2102.763428 0.000000 0.624078 0.000000 -0.781362 0.847288 0.847288 0.847288
2514.413086 0.000000 2117.465088 0.000000 0.338190 0.000000 0.941078 0.729491 0.729491 0.729491
2487.667236 0.000000 2088.180176 0.000000 0.945694 0.000000 -0.325058 0.809522 0.809522 0.809522
2458.618652 0.000000 2099.073730 0.000000 0.769361 0.000000 0.638815 0.792526 0.792526 0.792526
2469.827881 0.000000 2097.698975 0.000000 0.996415 0.000000 0.084601 0.790103 0.790103 0.790103
2499.639648 0.000000 2121.620117 0.000000 0.906782 0.000000 0.421599 0.783572 0.783572 0.783572
2492.653320 0.000000 2116.329590 0.000000 0.551457 0.000000 -0.834203 0.890453 0.890453 0.890453
2469.812988 0.000000 2130.544922 0.000000 0.984827 0.000000 0.173540 0.783592 0.783592 0.783592
2473.302734 0.000000 2103.657227 0.000000 0.721841 0.000000 0.692059 0.761531 0.761531 0.761531
2480.927002 0.000000 2089.486572 0.000000 0.017885 0.000000 0.999840 0.735798 0.735798 0.735798
2466.400879 0.000000 2091.771484 0.000000 0.971122 0.000000 0.238583 0.797257 0.797257 0.797257
2472.557617 0.000000 2137.749023 0.000000 0.764526 0.000000 0.644592 0.791186 0.791186 0.791186
2489.839844 0.000000 2094.009521 0.000000 0.989783 0.000000 0.142580 0.784999 0.784999 0.784999
2506.742920 0.000000 2115.788330 0.000000 0.278035 0.000000 -0.960571 0.996952 0.996952 0.996952
2464.315918 0.000000 2100.108398 0.000000 0.466107 0.000000 -0.884728 0.926876 0.926876 0.926876
2496.343018 0.000000 2112.050049 0.000000 0.912285 0.000000 -0.409556 0.824272 0.824272 0.824272
2494.038086 0.000000 2121.472168 0.000000 0.739066 0.000000 -0.673633 0.861557 0.861557 0.861557
2484.516357 0.000000 2094.348389 0.000000 0.473018 0.000000 -0.881053 0.912397 0.912397 0.912397
2475.059570 0.000000 2098.711670 0.000000 0.990773 0.000000 0.135530 0.796742 0.796742 0.796742
2468.405518 0.000000 2102.519287 0.000000 0.999261 0.000000 -0.038448 0.804125 0.804125 0.804125
2469.726562 0.000000 2125.941162 0.000000 0.226970 0.000000 -0.973902 0.872359 0.872359 0.872359
2473.619873 0.000000 2133.155029 0.000000 0.764334 0.000000 -0.644820 0.865503 0.865503 0.865503
2503.646729 0.000000 2119.479492 0.000000 0.145665 0.000000 0.989334 0.725738 0.725738 0.725738
2513.100586 0.000000 2107.562744 0.000000 0.051493 0.000000 0.998673 0.612476 0.612476 0.612476
2468.831055 0.000000 2135.201660 0.000000 0.352727 0.000000 0.935726 0.749237 0.749237 0.749237
2465.781250 0.000000 2096.047852 0.000000 0.044003 0.000000 -0.999031 0.978387 0.978387 0.978387
2513.387451 0.000000 2113.356201 0.000000 0.779257 0.000000 -0.626704 0.886847 0.886847 0.886847
2518.226562 0.000000 2114.903076 0.000000 0.556992 0.000000 -0.830518 0.852849 0.852849 0.852849
2491.467773 0.000000 2097.515381 0.000000 0.785204 0.000000 -0.619237 0.845212 0.845212 0.845212
2464.784180 0.000000 2104.005615 0.000000 0.936452 0.000000 -0.350796 0.822764 0.822764 0.822764
2472.730225 0.000000 2128.349854 0.000000 0.485891 0.000000 0.874020 0.697416 0.697416 0.697416
2487.087646 0.000000 2091.716309 0.000000 0.818693 0.000000 -0.574232 0.846911 0.846911 0.846911
2502.342529 0.000000 2115.848877 0.000000 0.880525 0.000000 0.473999 0.736680 0.736680 0.736680
2487.332275 0.000000 2096.419678 0.000000 0.990134 0.000000 -0.140127 0.816426 0.816426 0.816426
2461.780518 0.000000 2097.523438 0.000000 0.916230 0.000000 -0.400652 0.815314 0.815314 0.815314
2484.382080 0.000000 2089.578613 0.000000 0.403580 0.000000 0.914944 0.753618 0.753618 0.753618
2495.634033 0.000000 2118.413818 0.000000 0.771273 0.000000 0.636504 0.718560 0.718560 0.718560
2471.783936 0.000000 2100.626465 0.000000 0.971931 0.000000 -0.235264 0.827748 0.827748 0.827748
2468.817139 0.000000 2094.345703 0.000000 0.040193 0.000000 0.999192 0.665188 0.665188 0.665188
2519.711914 0.000000 2112.150879 0.000000 0.902657 0.000000 0.430361 0.769611 0.769611 0.769611
2469.332031 0.000000 2105.270020 0.000000 0.972036 0.000000 -0.234832 0.819600 0.819600 0.819600
2498.762451 0.000000 2113.726562 0.000000 0.740446 0.000000 0.672116 0.739055 0.739055 0.739055
2500.718994 0.000000 2118.848389 0.000000 0.915757 0.000000 0.401734 0.773000 0.773000 0.773000
2468.197510 0.000000 2128.274902 0.000000 0.465215 0.000000 -0.885198 0.902898 0.902898 0.902898
2514.548340 0.000000 2105.253174 0.000000 0.683122 0.000000 -0.730304 0.863285 0.863285 0.863285
2470.853516 0.000000 2102.922852 0.000000 0.961033 0.000000 -0.276435 0.821816 0.821816 0.821816
2519.985840 0.000000 2115.536377 0.000000 0.253728 0.000000 0.967276 0.729128 0.729128 0.729128
2538.393066 0.000000 2091.771484 0.000000 0.924295 0.000000 0.381678 0.786860 0.786860 0.786860
2533.066162 0.000000 2104.904785 0.000000 0.964211 0.000000 0.265137 0.793569 0.793569 0.793569
2535.023926 0.000000 2110.929199 0.000000 0.852525 0.000000 0.522686 0.789125 0.789125 0.789125
2536.776367 0.000000 2104.005615 0.000000 0.944408 0.000000 -0.328776 0.839142 0.839142 0.839142
2535.934570 0.000000 2089.311279 0.000000 0.291730 0.000000 -0.956501 0.911515 0.911515 0.911515
2541.324219 0.000000 2105.270020 0.000000 0.154522 0.000000 -0.987989 0.917902 0.917902 0.917902
2540.434570 0.000000 2089.979492 0.000000 0.017262 0.000000 0.999851 0.682715 0.682715 0.682715
"}
